# File generated by CMD 2.8 (http://stev.oapd.inaf.it/cmd) on Mon Sep  5 20:33:09 CEST 2016
# isochrones PARSEC release v1.2S + COLIBRI release PR16
# Basic references: Bressan et al. (2012), MNRAS, 427, 127 + Chen et al. (2014, 2015), MNRAS, 444, 2525 + MNRAS, 452, 1068 + Tang et al. (2014), MNRAS, 445, 4287 + Rosenfield et al. (2016, arXiv:1603.05283)
# Photometric system: <i>UBVRIJHK</i> (cf. Maiz-Apellaniz 2006 + Bessell 1990)
# Using NBC version of bolometric corrections as in Chen et al. (2014), MNRAS, 444, 2525
# BCs of Carbon stars derive from Aringer et al. (2009, A&A 503, 913)
# O-rich circumstellar dust ignored
# C-rich circumstellar dust ignored
# IMF: Chabrier (2001) lognormal 
# On RGB, assumed Reimers mass loss with efficiency eta=0.2
# Kind of output: isochrone tables
#	Isochrone  Z = 0.00277	Y = 0.25387	[M/H] = -0.745	eta_R = 0.200	Age = 	1.3000e+10 yr
#      Z	log(age/yr)	M_ini   	M_act	logL/Lo	logTe	logG	mbol    U       B       V       R       I       J       H       K	C/O	M_hec	period	pmode	logMdot	slope	int_IMF	stage
	0.002765	10.1139	0.0900000036	0.0900	-3.2788	3.4255	5.3250	12.967	22.053	19.298	17.254	15.006	12.804	10.872	10.480	10.271	0.4787	0.0000	0.0	1	-18.038	0.000	1.4676543474	1
	0.002765	10.1139	0.1000000015	0.1000	-3.0585	3.4564	5.2739	12.416	20.036	17.697	15.785	13.961	12.053	10.415	9.950	9.724	0.4787	0.0000	0.0	1	-17.993	0.000	1.5704020262	1
	0.002765	10.1139	0.1199999973	0.1200	-2.7822	3.4897	5.2102	11.726	17.913	15.994	14.196	12.751	11.206	9.828	9.307	9.070	0.4787	0.0000	0.0	1	-17.914	0.000	1.7478251457	1
	0.002765	10.1139	0.1400000006	0.1400	-2.5957	3.5087	5.1665	11.259	16.749	15.044	13.324	12.031	10.681	9.420	8.879	8.640	0.4787	0.0000	0.0	1	-17.847	0.000	1.8958495855	1
	0.002765	10.1139	0.1599999964	0.1600	-2.4523	3.5211	5.1307	10.901	15.980	14.403	12.736	11.522	10.293	9.100	8.547	8.311	0.4787	0.0000	0.0	1	-17.789	0.000	2.0211524963	1
	0.002765	10.1139	0.2000000030	0.2000	-2.2286	3.5373	5.0687	10.342	14.958	13.520	11.936	10.802	9.705	8.588	8.023	7.791	0.4787	0.0000	0.0	1	-17.692	0.000	2.2217822075	1
	0.002765	10.1139	0.2500000000	0.2500	-2.0203	3.5497	5.0070	9.821	14.123	12.777	11.256	10.175	9.168	8.103	7.530	7.302	0.4787	0.0000	0.0	1	-17.573	0.000	2.4080901146	1
	0.002765	10.1139	0.3233639896	0.3233	-1.7951	3.5625	4.9448	9.258	13.280	12.013	10.550	9.515	8.594	7.578	6.996	6.773	0.4787	0.0000	0.0	1	-16.250	0.000	2.6012632847	1
	0.002765	10.1139	0.3733639717	0.3733	-1.6513	3.5721	4.9017	8.898	12.730	11.516	10.093	9.091	8.228	7.247	6.657	6.439	0.4787	0.0000	0.0	1	-15.511	0.000	2.6979200840	1
	0.002765	10.1139	0.4233639836	0.4233	-1.4881	3.5853	4.8461	8.490	12.077	10.930	9.566	8.608	7.814	6.877	6.277	6.070	0.4787	0.0000	0.0	1	-14.865	0.000	2.7756383419	1
	0.002765	10.1139	0.4733639657	0.4733	-1.3038	3.6044	4.7867	8.029	11.287	10.230	8.956	8.061	7.346	6.467	5.850	5.668	0.4787	0.0000	0.0	1	-14.291	0.000	2.8391461372	1
	0.002765	10.1139	0.5233640075	0.5233	-1.0929	3.6332	4.7343	7.502	10.289	9.355	8.226	7.432	6.817	6.010	5.376	5.243	0.4787	0.0000	0.0	1	-13.775	0.000	2.8920276165	1
	0.002765	10.1139	0.5733640194	0.5733	-0.8740	3.6675	4.6923	6.955	9.067	8.378	7.434	6.778	6.270	5.560	4.977	4.882	0.4787	0.0000	0.0	1	-13.306	0.000	2.9364919662	1
	0.002765	10.1139	0.6233639717	0.6232	-0.6650	3.7001	4.6502	6.433	7.909	7.534	6.726	6.190	5.751	5.151	4.662	4.586	0.4787	0.0000	0.0	1	-12.877	0.000	2.9743878841	1
	0.002765	10.1139	0.6320029497	0.6318	-0.6286	3.7058	4.6422	6.342	7.725	7.399	6.611	6.093	5.663	5.081	4.608	4.534	0.4787	0.0000	0.0	1	-12.806	0.000	2.9803783894	1
	0.002765	10.1139	0.6449106932	0.6447	-0.5741	3.7140	4.6295	6.205	7.456	7.200	6.443	5.948	5.532	4.977	4.526	4.456	0.4787	0.0000	0.0	1	-12.702	0.000	2.9890439510	1
	0.002765	10.1139	0.6605250239	0.6603	-0.5078	3.7238	4.6129	6.039	7.145	6.967	6.244	5.775	5.376	4.850	4.424	4.359	0.4787	0.0000	0.0	1	-12.579	0.000	2.9990870953	1
	0.002765	10.1139	0.6733639836	0.6731	-0.4529	3.7317	4.5980	5.902	6.901	6.779	6.085	5.634	5.248	4.745	4.339	4.277	0.4787	0.0000	0.0	1	-12.481	0.000	3.0070068836	1
	0.002765	10.1139	0.6734664440	0.6732	-0.4525	3.7318	4.5978	5.901	6.899	6.778	6.083	5.633	5.247	4.744	4.338	4.276	0.4787	0.0000	0.0	1	-12.480	0.000	3.0070688725	1
	0.002765	10.1139	0.6859487295	0.6857	-0.3980	3.7390	4.5800	5.765	6.672	6.599	5.930	5.495	5.119	4.637	4.248	4.190	0.4787	0.0000	0.0	1	-12.386	0.000	3.0144906044	1
	0.002765	10.1139	0.6977734566	0.6975	-0.3455	3.7456	4.5612	5.634	6.464	6.431	5.785	5.365	4.999	4.534	4.160	4.104	0.4787	0.0000	0.0	1	-12.298	0.000	3.0212838650	1
	0.002765	10.1139	0.7086335421	0.7083	-0.2963	3.7514	4.5423	5.511	6.275	6.275	5.651	5.243	4.886	4.437	4.075	4.022	0.4787	0.0000	0.0	1	-12.222	0.000	3.0273292065	1
	0.002765	10.1139	0.7189744711	0.7186	-0.2484	3.7568	4.5222	5.391	6.100	6.127	5.522	5.125	4.776	4.342	3.991	3.940	0.4787	0.0000	0.0	1	-12.149	0.000	3.0329208374	1
	0.002765	10.1139	0.7233639956	0.7230	-0.2277	3.7591	4.5131	5.339	6.025	6.063	5.467	5.074	4.729	4.300	3.954	3.904	0.4787	0.0000	0.0	1	-12.118	0.000	3.0352473259	1
	0.002765	10.1139	0.7338907123	0.7335	-0.1766	3.7639	4.4877	5.212	5.852	5.911	5.333	4.949	4.611	4.195	3.858	3.811	0.4787	0.0000	0.0	1	-12.043	0.000	3.0407171249	1
	0.002765	10.1139	0.7450020313	0.7445	-0.1203	3.7688	4.4574	5.071	5.667	5.746	5.185	4.811	4.481	4.077	3.750	3.705	0.4787	0.0000	0.0	1	-11.963	0.000	3.0463280678	1
	0.002765	10.1139	0.7550123334	0.7545	-0.0670	3.7729	4.4265	4.938	5.499	5.593	5.048	4.682	4.358	3.964	3.644	3.602	0.4787	0.0000	0.0	1	-11.893	0.000	3.0512456894	1
	0.002765	10.1139	0.7644402981	0.7639	-0.0140	3.7766	4.3933	4.805	5.336	5.443	4.911	4.553	4.236	3.850	3.537	3.496	0.4787	0.0000	0.0	1	-11.829	0.000	3.0557630062	1
	0.002765	10.1139	0.7733139992	0.7727	0.0388	3.7796	4.3577	4.673	5.179	5.296	4.776	4.425	4.112	3.733	3.426	3.387	0.4787	0.0000	0.0	1	-11.771	0.000	3.0599174500	1
	0.002765	10.1139	0.7733640075	0.7727	0.0391	3.7796	4.3575	4.672	5.178	5.296	4.775	4.424	4.111	3.733	3.425	3.386	0.4787	0.0000	0.0	1	-11.770	0.000	3.0599405766	1
	0.002765	10.1139	0.7753815651	0.7747	0.0512	3.7802	4.3489	4.642	5.143	5.262	4.745	4.395	4.083	3.706	3.399	3.360	0.4787	0.0000	0.0	1	-11.758	0.000	3.0608720779	1
	0.002765	10.1139	0.7849305868	0.7842	0.1109	3.7825	4.3034	4.493	4.979	5.101	4.593	4.249	3.941	3.568	3.265	3.229	0.4787	0.0000	0.0	1	-11.700	0.000	3.0652179718	1
	0.002765	10.1139	0.7933501601	0.7925	0.1675	3.7839	4.2570	4.351	4.828	4.951	4.449	4.110	3.805	3.434	3.133	3.098	0.4787	0.0000	0.0	1	-11.653	0.000	3.0689656734	1
	0.002765	10.1139	0.7952429652	0.7944	0.1810	3.7841	4.2454	4.317	4.793	4.916	4.415	4.076	3.772	3.402	3.100	3.066	0.4787	0.0000	0.0	1	-11.644	0.000	3.0697975159	1
	0.002765	10.1139	0.8002371192	0.7994	0.2186	3.7841	4.2104	4.223	4.699	4.820	4.321	3.982	3.678	3.308	3.007	2.972	0.4787	0.0000	0.0	1	-11.619	0.000	3.0719733238	1
	0.002765	10.1139	0.8074926734	0.8065	0.2778	3.7827	4.1497	4.075	4.560	4.677	4.174	3.833	3.527	3.154	2.851	2.815	0.4787	0.0000	0.1	1	-11.587	0.000	3.0750851631	1
	0.002765	10.1139	0.8119842410	0.8110	0.3176	3.7808	4.1046	3.976	4.472	4.585	4.077	3.732	3.423	3.045	2.739	2.702	0.4787	0.0000	0.1	1	-11.569	0.000	3.0769827366	2
	0.002765	10.1139	0.8129642010	0.8119	0.3273	3.7799	4.0920	3.952	4.453	4.565	4.054	3.707	3.396	3.017	2.710	2.671	0.4787	0.0000	0.1	1	-11.566	0.000	3.0773940086	2
	0.002765	10.1139	0.8176452518	0.8165	0.3751	3.7744	4.0246	3.832	4.374	4.468	3.940	3.583	3.264	2.872	2.554	2.514	0.4787	0.0000	0.1	1	-11.550	0.000	3.0793442726	2
	0.002765	10.1139	0.8208864927	0.8197	0.4108	3.7670	3.9610	3.743	4.341	4.412	3.860	3.489	3.159	2.747	2.415	2.372	0.4787	0.0000	0.1	1	-11.540	0.000	3.0806813240	2
	0.002765	10.1139	0.8232812881	0.8220	0.4381	3.7574	3.8962	3.675	4.351	4.391	3.806	3.418	3.073	2.635	2.283	2.235	0.4787	0.0000	0.1	1	-11.534	0.000	3.0816624165	2
	0.002765	10.1139	0.8233640194	0.8221	0.4391	3.7569	3.8936	3.672	4.352	4.391	3.804	3.416	3.070	2.631	2.277	2.230	0.4787	0.0000	0.1	1	-11.534	0.000	3.0816960335	2
	0.002765	10.1139	0.8241443634	0.8229	0.4482	3.7529	3.8687	3.650	4.364	4.389	3.789	3.392	3.040	2.591	2.228	2.179	0.4787	0.0000	0.1	1	-11.532	0.000	3.0820143223	2
	0.002765	10.1139	0.8255144954	0.8242	0.4691	3.7435	3.8110	3.597	4.398	4.386	3.754	3.340	2.974	2.498	2.114	2.061	0.4787	0.0000	0.1	1	-11.529	0.000	3.0825717449	2
	0.002765	10.1139	0.8267190456	0.8254	0.4999	3.7349	3.7465	3.520	4.408	4.358	3.696	3.266	2.886	2.386	1.981	1.924	0.4787	0.0000	0.1	1	-11.526	0.000	3.0830602646	2
	0.002765	10.1139	0.8276583552	0.8263	0.5366	3.7292	3.6874	3.428	4.376	4.300	3.619	3.177	2.788	2.271	1.851	1.793	0.4787	0.0000	0.1	1	-11.524	0.000	3.0834403038	2
	0.002765	10.1139	0.8284166455	0.8270	0.5745	3.7254	3.6346	3.334	4.323	4.229	3.534	3.086	2.690	2.161	1.731	1.671	0.4787	0.0000	0.1	1	-11.523	0.000	3.0837461948	3
	0.002765	10.1139	0.8291418552	0.8277	0.6185	3.7226	3.5798	3.224	4.242	4.136	3.432	2.978	2.578	2.040	1.603	1.542	0.4787	0.0000	0.1	1	-11.522	0.000	3.0840384960	3
	0.002765	10.1139	0.8298395276	0.8283	0.6658	3.7203	3.5236	3.106	4.147	4.031	3.320	2.863	2.458	1.913	1.469	1.407	0.4787	0.0000	0.2	1	-11.520	0.000	3.0843191147	3
	0.002765	10.1139	0.8305025697	0.8290	0.7155	3.7184	3.4667	2.981	4.044	3.919	3.202	2.740	2.333	1.782	1.332	1.270	0.4787	0.0000	0.2	1	-11.519	0.000	3.0845851898	3
	0.002765	10.1139	0.8311144710	0.8295	0.7654	3.7168	3.4108	2.857	3.938	3.805	3.082	2.618	2.208	1.651	1.197	1.134	0.4787	0.0000	0.2	1	-11.519	0.000	3.0848305225	3
	0.002765	10.1139	0.8315749764	0.8299	0.8059	3.7156	3.3656	2.755	3.851	3.712	2.985	2.518	2.106	1.545	1.087	1.025	0.4787	0.0000	0.2	1	-11.518	0.000	3.0850148201	3
	0.002765	10.1139	0.8320187330	0.8303	0.8477	3.7144	3.3192	2.651	3.761	3.615	2.884	2.414	2.000	1.436	0.974	0.912	0.4787	0.0000	0.2	1	-11.517	0.000	3.0851922035	3
	0.002765	10.1139	0.8325541019	0.8308	0.9026	3.7129	3.2585	2.513	3.641	3.488	2.751	2.279	1.862	1.292	0.827	0.764	0.4787	0.0000	0.2	1	-11.517	0.000	3.0854060650	3
	0.002765	10.1139	0.8330283761	0.8312	0.9559	3.7114	3.1992	2.380	3.526	3.365	2.623	2.148	1.728	1.153	0.683	0.620	0.4787	0.0000	0.3	1	-11.516	0.000	3.0855953693	3
	0.002765	10.1139	0.8334327936	0.8315	1.0059	3.7098	3.1433	2.255	3.419	3.251	2.503	2.025	1.603	1.022	0.547	0.484	0.4787	0.0000	0.3	1	-11.516	0.000	3.0857565403	3
	0.002765	10.1139	0.8338202238	0.8318	1.0582	3.7082	3.0846	2.124	3.307	3.132	2.377	1.896	1.471	0.885	0.406	0.342	0.4787	0.0000	0.3	1	-11.516	0.000	3.0859105587	3
	0.002765	10.1139	0.8340905309	0.8320	1.0983	3.7069	3.0394	2.024	3.223	3.041	2.282	1.798	1.371	0.781	0.297	0.233	0.4787	0.0000	0.3	1	-11.515	0.000	3.0860180855	3
	0.002765	10.1139	0.8344093561	0.8322	1.1497	3.7051	2.9808	1.896	3.117	2.926	2.159	1.672	1.242	0.645	0.156	0.091	0.4787	0.0000	0.4	1	-11.515	0.000	3.0861449242	3
	0.002765	10.1139	0.8346946239	0.8324	1.2004	3.7032	2.9229	1.769	3.015	2.813	2.039	1.548	1.114	0.512	0.017	-0.049	0.4787	0.0000	0.4	1	-11.515	0.000	3.0862581730	3
	0.002765	10.1139	0.8349474072	0.8325	1.2496	3.7013	2.8662	1.646	2.918	2.704	1.923	1.428	0.991	0.381	-0.119	-0.185	0.4787	0.0000	0.5	1	-11.515	0.000	3.0863585472	3
	0.002765	10.1139	0.8351711035	0.8326	1.2972	3.6994	2.8109	1.527	2.825	2.600	1.811	1.312	0.871	0.255	-0.252	-0.318	0.4787	0.0000	0.5	1	-11.515	0.000	3.0864472389	3
	0.002765	10.1139	0.8353881240	0.8327	1.3479	3.6974	2.7520	1.400	2.730	2.491	1.693	1.189	0.744	0.120	-0.393	-0.460	0.4787	0.0000	0.6	1	-11.515	0.000	3.0865333080	3
	0.002765	10.1139	0.8355715871	0.8328	1.3948	3.6953	2.6969	1.283	2.643	2.391	1.585	1.076	0.627	-0.004	-0.525	-0.593	0.4787	0.0000	0.6	1	-11.516	0.000	3.0866060257	3
	0.002765	10.1139	0.8357340097	0.8328	1.4401	3.6933	2.6436	1.170	2.559	2.294	1.480	0.967	0.514	-0.125	-0.653	-0.720	0.4787	0.0000	0.7	1	-11.516	0.000	3.0866703987	3
	0.002765	10.1139	0.8358857036	0.8328	1.4860	3.6912	2.5891	1.055	2.474	2.197	1.374	0.856	0.399	-0.247	-0.783	-0.850	0.4787	0.0000	0.8	1	-11.516	0.000	3.0867304802	3
	0.002765	10.1139	0.8360245824	0.8327	1.5317	3.6890	2.5347	0.941	2.392	2.101	1.269	0.747	0.285	-0.369	-0.912	-0.980	0.4787	0.0000	0.8	1	-11.517	0.000	3.0867853165	3
	0.002765	10.1139	0.8361477256	0.8327	1.5754	3.6869	2.4825	0.832	2.318	2.011	1.170	0.642	0.176	-0.486	-1.036	-1.105	0.4787	0.0000	0.9	1	-11.517	0.000	3.0868341923	3
	0.002765	10.1139	0.8362616301	0.8326	1.6188	3.6846	2.4302	0.723	2.252	1.925	1.071	0.538	0.068	-0.603	-1.160	-1.230	0.4787	0.0000	1.0	1	-11.518	0.000	3.0868792534	3
	0.002765	10.1139	0.8363687396	0.8325	1.6622	3.6824	2.3779	0.615	2.185	1.839	0.973	0.434	-0.041	-0.719	-1.283	-1.354	0.4787	0.0000	1.1	1	-11.518	0.000	3.0869214535	3
	0.002765	10.1139	0.8364685774	0.8323	1.7035	3.6802	2.3276	0.511	2.124	1.757	0.879	0.335	-0.144	-0.831	-1.402	-1.474	0.4787	0.0000	1.2	1	-11.519	0.000	3.0869610310	3
	0.002765	10.1139	0.8365828395	0.8321	1.7422	3.6783	2.2810	0.415	2.066	1.682	0.792	0.242	-0.241	-0.934	-1.512	-1.584	0.4787	0.0000	1.3	1	-11.520	0.000	3.0870060921	3
	0.002765	10.1139	0.8366522193	0.8320	1.7569	3.6776	2.2634	0.378	2.044	1.652	0.759	0.207	-0.278	-0.973	-1.553	-1.626	0.4787	0.0000	1.3	1	-11.520	0.000	3.0870335102	3
	0.002765	10.1139	0.8367689252	0.8317	1.7242	3.6801	2.3060	0.459	2.077	1.708	0.828	0.283	-0.196	-0.883	-1.455	-1.527	0.4787	0.0000	1.2	1	-11.520	0.000	3.0870797634	3
	0.002765	10.1139	0.8367924094	0.8317	1.7364	3.6794	2.2911	0.429	2.060	1.685	0.801	0.254	-0.227	-0.916	-1.490	-1.562	0.4787	0.0000	1.3	1	-11.520	0.000	3.0870890617	3
	0.002765	10.1139	0.8368701935	0.8315	1.7804	3.6769	2.2371	0.319	2.000	1.601	0.704	0.150	-0.336	-1.035	-1.616	-1.689	0.4787	0.0000	1.4	1	-11.521	0.000	3.0871195793	3
	0.002765	10.1139	0.8369449377	0.8313	1.8242	3.6744	2.1831	0.210	1.940	1.518	0.607	0.046	-0.446	-1.153	-1.742	-1.816	0.4787	0.0000	1.5	1	-11.522	0.000	3.0871491432	3
	0.002765	10.1139	0.8370131254	0.8311	1.8669	3.6719	2.1303	0.103	1.883	1.438	0.512	-0.055	-0.552	-1.268	-1.865	-1.939	0.4787	0.0000	1.7	1	-11.524	0.000	3.0871760845	3
	0.002765	10.1139	0.8370768428	0.8308	1.9098	3.6693	2.0771	-0.005	1.827	1.359	0.418	-0.157	-0.659	-1.384	-1.988	-2.064	0.4787	0.0000	1.8	1	-11.525	0.000	3.0872013569	3
	0.002765	10.1139	0.8371347785	0.8305	1.9517	3.6668	2.0248	-0.109	1.776	1.283	0.328	-0.255	-0.763	-1.496	-2.109	-2.185	0.4787	0.0000	2.0	1	-11.527	0.000	3.0872242451	3
	0.002765	10.1139	0.8371891975	0.8302	1.9939	3.6642	1.9720	-0.215	1.730	1.208	0.237	-0.354	-0.868	-1.610	-2.231	-2.308	0.4787	0.0000	2.2	1	-11.528	0.000	3.0872457027	3
	0.002765	10.1139	0.8372383118	0.8298	2.0350	3.6616	1.9203	-0.318	1.691	1.138	0.149	-0.451	-0.971	-1.722	-2.350	-2.428	0.4787	0.0000	2.4	1	-11.530	0.000	3.0872650146	3
	0.002765	10.1139	0.8372845650	0.8295	2.0765	3.6589	1.8679	-0.421	1.655	1.069	0.062	-0.547	-1.074	-1.835	-2.471	-2.549	0.4787	0.0000	2.6	1	-11.533	0.000	3.0872831345	3
	0.002765	10.1139	0.8373258114	0.8290	2.1166	3.6563	1.8173	-0.521	1.624	1.003	-0.020	-0.639	-1.172	-1.943	-2.588	-2.668	0.4787	0.0000	2.9	1	-11.535	0.000	3.0872995853	3
	0.002765	10.1139	0.8373650908	0.8286	2.1576	3.6536	1.7651	-0.624	1.593	0.937	-0.105	-0.733	-1.272	-2.054	-2.708	-2.789	0.4787	0.0000	3.2	1	-11.538	0.000	3.0873150826	3
	0.002765	10.1139	0.8374000788	0.8281	2.1970	3.6510	1.7148	-0.723	1.565	0.874	-0.186	-0.823	-1.369	-2.160	-2.824	-2.906	0.4787	0.0000	3.4	1	-11.541	0.000	3.0873289108	3
	0.002765	10.1139	0.8374336362	0.8275	2.2376	3.6482	1.6631	-0.824	1.539	0.810	-0.268	-0.915	-1.468	-2.270	-2.943	-3.026	0.4787	0.0000	3.8	1	-11.544	0.000	3.0873420238	3
	0.002765	10.1139	0.8374708891	0.8268	2.2865	3.6448	1.6001	-0.946	1.512	0.737	-0.365	-1.025	-1.586	-2.402	-3.086	-3.171	0.4787	0.0000	4.2	1	-11.549	0.000	3.0873568058	3
	0.002765	10.1139	0.8374986649	0.8261	2.3262	3.6421	1.5491	-1.045	1.491	0.677	-0.443	-1.114	-1.682	-2.509	-3.203	-3.289	0.4787	0.0000	4.6	1	-11.554	0.000	3.0873677731	3
	0.002765	10.1139	0.8375303149	0.8252	2.3751	3.6386	1.4860	-1.168	1.468	0.605	-0.539	-1.223	-1.800	-2.640	-3.346	-3.434	0.4787	0.0000	5.1	1	-11.560	0.000	3.0873801708	3
	0.002765	10.1139	0.8375581503	0.8243	2.4221	3.6352	1.4247	-1.285	1.451	0.537	-0.628	-1.326	-1.913	-2.766	-3.483	-3.574	0.4787	0.0000	5.7	1	-11.567	0.000	3.0873911381	3
	0.002765	10.1139	0.8375843167	0.8232	2.4702	3.6317	1.3621	-1.406	1.433	0.468	-0.720	-1.432	-2.028	-2.895	-3.624	-3.716	0.4787	0.0000	6.3	1	-11.576	0.000	3.0874013901	3
	0.002765	10.1139	0.8376083374	0.8220	2.5183	3.6282	1.2992	-1.526	1.418	0.401	-0.811	-1.537	-2.143	-3.023	-3.764	-3.859	0.4787	0.0000	7.1	1	-11.586	0.000	3.0874109268	3
	0.002765	10.1139	0.8376297355	0.8207	2.5649	3.6246	1.2377	-1.642	1.411	0.340	-0.895	-1.637	-2.252	-3.147	-3.901	-3.998	0.4787	0.0000	7.9	1	-11.597	0.000	3.0874192715	3
	0.002765	10.1139	0.8376497626	0.8193	2.6123	3.6210	1.1753	-1.761	1.401	0.276	-0.982	-1.738	-2.364	-3.274	-4.039	-4.139	0.4787	0.0000	8.8	1	-11.610	0.000	3.0874271393	3
	0.002765	10.1139	0.8376689553	0.8176	2.6614	3.6174	1.1107	-1.884	1.395	0.213	-1.069	-1.842	-2.479	-3.404	-4.183	-4.285	0.4787	0.0000	9.8	1	-11.625	0.000	3.0874347687	3
	0.002765	10.1139	0.8376853466	0.8159	2.7068	3.6138	1.0501	-1.997	1.395	0.159	-1.147	-1.936	-2.584	-3.525	-4.316	-4.421	0.4787	0.0000	10.9	1	-11.642	0.000	3.0874412060	3
	0.002765	10.1139	0.8377007842	0.8140	2.7531	3.6101	0.9880	-2.113	1.408	0.108	-1.225	-2.032	-2.691	-3.648	-4.452	-4.560	0.4787	0.0000	12.2	1	-11.662	0.000	3.0874474049	3
	0.002765	10.1139	0.8377157450	0.8118	2.8015	3.6064	0.9236	-2.234	1.464	0.069	-1.303	-2.130	-2.804	-3.777	-4.592	-4.703	0.4787	0.0000	13.6	1	-11.430	0.000	3.0874533653	3
	0.002765	10.1139	0.8377289176	0.8095	2.8473	3.6028	0.8621	-2.348	1.520	0.034	-1.376	-2.223	-2.911	-3.900	-4.724	-4.840	0.4787	0.0000	15.2	1	-10.995	0.000	3.0874583721	3
	0.002765	10.1139	0.8377412558	0.8068	2.8938	3.5990	0.7989	-2.464	1.584	0.002	-1.448	-2.315	-3.018	-4.025	-4.859	-4.978	0.4787	0.0000	17.0	1	-10.552	0.000	3.0874633789	3
	0.002765	10.1139	0.8377529383	0.8038	2.9409	3.5951	0.7349	-2.582	1.648	-0.029	-1.519	-2.407	-3.126	-4.150	-4.994	-5.118	0.4787	0.0000	19.0	1	-10.106	0.000	3.0874679089	3
	0.002765	10.1139	0.8377637863	0.8004	2.9881	3.5913	0.6705	-2.700	1.713	-0.060	-1.591	-2.500	-3.234	-4.276	-5.130	-5.259	0.4787	0.0000	21.3	1	-9.663	0.000	3.0874722004	3
	0.002765	10.1139	0.8377736807	0.7968	3.0342	3.5874	0.6069	-2.816	1.788	-0.085	-1.656	-2.586	-3.337	-4.398	-5.262	-5.396	0.4787	0.0000	23.9	1	-9.231	0.000	3.0874760151	3
	0.002765	10.1139	0.8377829790	0.7926	3.0805	3.5835	0.5425	-2.931	1.869	-0.106	-1.720	-2.672	-3.441	-4.521	-5.396	-5.534	0.4787	0.0000	26.8	1	-8.799	0.000	3.0874798298	3
	0.002765	10.1139	0.8377918601	0.7879	3.1276	3.5794	0.4765	-3.049	1.941	-0.129	-1.783	-2.758	-3.545	-4.645	-5.531	-5.675	0.4787	0.0000	30.1	1	-8.365	0.000	3.0874831676	3
	0.002765	10.1139	0.8378000259	0.7826	3.1743	3.5753	0.4103	-3.166	1.989	-0.151	-1.836	-2.833	-3.648	-4.768	-5.665	-5.816	0.4787	0.0000	33.9	1	-7.939	0.000	3.0874865055	3
	0.002765	10.1139	0.8378075957	0.7766	3.2205	3.5710	0.3439	-3.281	2.043	-0.168	-1.887	-2.905	-3.748	-4.889	-5.798	-5.956	0.4787	0.0000	38.2	1	-7.521	0.000	3.0874893665	3
	0.002765	10.1139	0.8378145695	0.7700	3.2658	3.5667	0.2776	-3.394	2.099	-0.179	-1.926	-2.963	-3.847	-5.010	-5.929	-6.095	0.4787	0.0000	43.1	1	-7.116	0.000	3.0874922276	3
	0.002765	10.1139	0.8378213048	0.7623	3.3115	3.5624	0.2104	-3.509	2.154	-0.189	-1.964	-3.020	-3.946	-5.132	-6.061	-6.234	0.4787	0.0000	105.3	0	-8.410	0.000	3.0874948502	3
	0.002765	10.1139	0.8378286958	0.7520	3.3613	3.5577	0.1355	-3.633	2.215	-0.193	-1.993	-3.069	-4.052	-5.264	-6.206	-6.386	0.4787	0.0000	124.4	0	-7.822	0.000	3.0874977112	4
	0.002765	10.1139	0.8378286958	0.7520	1.7082	3.7197	2.4369	0.500	1.553	1.423	0.714	0.261	-0.144	-0.700	-1.151	-1.208	0.4787	0.0000	1.0	1	-11.914	0.000	3.0874977112	4
	0.002765	10.1139	0.8378807306	0.7521	1.7212	3.7188	2.4202	0.467	1.534	1.398	0.684	0.230	-0.178	-0.736	-1.190	-1.248	0.4787	0.0000	1.0	1	-11.914	0.000	3.0875182152	4
	0.002765	10.1139	0.8379373550	0.7522	1.7251	3.7186	2.4155	0.457	1.527	1.390	0.675	0.220	-0.188	-0.747	-1.201	-1.259	0.4787	0.0000	1.0	1	-11.913	0.000	3.0875406265	4
	0.002765	10.1139	0.8379892707	0.7522	1.7262	3.7187	2.4150	0.454	1.523	1.386	0.671	0.217	-0.191	-0.749	-1.203	-1.261	0.4787	0.0000	1.0	1	-11.913	0.000	3.0875611305	4
	0.002765	10.1139	0.8380417824	0.7523	1.7262	3.7191	2.4167	0.454	1.518	1.383	0.670	0.217	-0.190	-0.747	-1.200	-1.258	0.4787	0.0000	1.0	1	-11.913	0.000	3.0875816345	4
	0.002765	10.1139	0.8380954862	0.7523	1.7252	3.7197	2.4201	0.457	1.513	1.381	0.671	0.219	-0.187	-0.742	-1.194	-1.251	0.4787	0.0000	1.0	1	-11.912	0.000	3.0876028538	4
	0.002765	10.1139	0.8381481767	0.7524	1.7236	3.7204	2.4244	0.461	1.508	1.380	0.673	0.222	-0.183	-0.736	-1.185	-1.242	0.4787	0.0000	1.0	1	-11.912	0.000	3.0876235962	4
	0.002765	10.1139	0.8382031322	0.7525	1.7216	3.7212	2.4295	0.466	1.504	1.379	0.676	0.227	-0.177	-0.728	-1.175	-1.232	0.4787	0.0000	1.0	1	-11.911	0.000	3.0876452923	4
	0.002765	10.1139	0.8382562399	0.7525	1.7197	3.7219	2.4344	0.471	1.501	1.379	0.678	0.231	-0.171	-0.720	-1.166	-1.222	0.4787	0.0000	1.0	1	-11.911	0.000	3.0876660347	4
	0.002765	10.1139	0.8383116126	0.7526	1.7179	3.7226	2.4390	0.475	1.497	1.378	0.681	0.235	-0.166	-0.713	-1.157	-1.213	0.4787	0.0000	1.0	1	-11.910	0.000	3.0876879692	4
	0.002765	10.1139	0.8383667469	0.7527	1.7163	3.7232	2.4433	0.479	1.493	1.377	0.683	0.239	-0.161	-0.706	-1.148	-1.204	0.4787	0.0000	1.0	1	-11.910	0.000	3.0877096653	4
	0.002765	10.1139	0.8384224176	0.7527	1.7149	3.7239	2.4472	0.483	1.490	1.377	0.685	0.242	-0.157	-0.700	-1.141	-1.196	0.4787	0.0000	0.9	1	-11.909	0.000	3.0877315998	4
	0.002765	10.1139	0.8384755850	0.7528	1.7138	3.7244	2.4505	0.485	1.486	1.376	0.686	0.244	-0.153	-0.695	-1.134	-1.190	0.4787	0.0000	0.9	1	-11.909	0.000	3.0877523422	4
	0.002765	10.1139	0.8385293484	0.7528	1.7129	3.7249	2.4534	0.488	1.483	1.374	0.687	0.246	-0.151	-0.691	-1.129	-1.184	0.4787	0.0000	0.9	1	-11.908	0.000	3.0877735615	4
	0.002765	10.1139	0.8385719657	0.7529	1.7123	3.7252	2.4553	0.489	1.481	1.374	0.688	0.247	-0.149	-0.688	-1.125	-1.181	0.4787	0.0000	0.9	1	-11.908	0.000	3.0877902508	4
	0.002765	10.1139	0.8385822177	0.7529	1.7122	3.7253	2.4556	0.489	1.480	1.373	0.688	0.248	-0.148	-0.687	-1.125	-1.180	0.4787	0.0000	0.9	1	-11.908	0.000	3.0877943039	4
	0.002765	10.1139	0.8386344314	0.7530	1.7119	3.7256	2.4573	0.490	1.478	1.372	0.688	0.248	-0.147	-0.685	-1.122	-1.177	0.4787	0.0000	0.9	1	-11.907	0.000	3.0878148079	4
	0.002765	10.1139	0.8386874795	0.7530	1.7117	3.7258	2.4585	0.491	1.475	1.371	0.688	0.248	-0.147	-0.684	-1.120	-1.175	0.4787	0.0000	0.9	1	-11.907	0.000	3.0878357887	4
	0.002765	10.1139	0.8387389779	0.7531	1.7119	3.7260	2.4589	0.490	1.473	1.369	0.687	0.248	-0.147	-0.684	-1.119	-1.174	0.4787	0.0000	0.9	1	-11.907	0.000	3.0878560543	4
	0.002765	10.1139	0.8387901187	0.7531	1.7124	3.7260	2.4586	0.489	1.471	1.367	0.685	0.246	-0.148	-0.685	-1.120	-1.175	0.4787	0.0000	0.9	1	-11.906	0.000	3.0878760815	4
	0.002765	10.1139	0.8388407826	0.7532	1.7134	3.7260	2.4576	0.487	1.469	1.365	0.683	0.244	-0.150	-0.687	-1.123	-1.178	0.4787	0.0000	0.9	1	-11.906	0.000	3.0878961086	4
	0.002765	10.1139	0.8388941884	0.7533	1.7147	3.7259	2.4557	0.483	1.468	1.363	0.680	0.241	-0.154	-0.691	-1.127	-1.182	0.4787	0.0000	0.9	1	-11.905	0.000	3.0879170895	4
	0.002765	10.1139	0.8389477730	0.7533	1.7164	3.7256	2.4530	0.479	1.467	1.360	0.676	0.237	-0.159	-0.697	-1.133	-1.188	0.4787	0.0000	0.9	1	-11.905	0.000	3.0879380703	4
	0.002765	10.1139	0.8389606476	0.7533	1.7169	3.7256	2.4524	0.478	1.466	1.360	0.675	0.236	-0.160	-0.698	-1.134	-1.190	0.4787	0.0000	0.9	1	-11.905	0.000	3.0879430771	4
	0.002765	10.1139	0.8390021324	0.7534	1.7188	3.7253	2.4493	0.473	1.465	1.357	0.671	0.231	-0.165	-0.704	-1.141	-1.197	0.4787	0.0000	0.9	1	-11.904	0.000	3.0879595280	4
	0.002765	10.1139	0.8390604854	0.7535	1.7220	3.7248	2.4442	0.465	1.463	1.353	0.665	0.223	-0.174	-0.714	-1.152	-1.208	0.4787	0.0000	0.9	1	-11.904	0.000	3.0879824162	4
	0.002765	10.1139	0.8391193748	0.7535	1.7258	3.7241	2.4379	0.456	1.461	1.348	0.657	0.214	-0.184	-0.726	-1.166	-1.222	0.4787	0.0000	1.0	1	-11.904	0.000	3.0880055428	4
	0.002765	10.1139	0.8391758204	0.7536	1.7300	3.7234	2.4309	0.445	1.459	1.342	0.648	0.204	-0.195	-0.740	-1.181	-1.237	0.4787	0.0000	1.0	1	-11.903	0.000	3.0880277157	4
	0.002765	10.1139	0.8392327428	0.7536	1.7349	3.7227	2.4230	0.433	1.456	1.335	0.638	0.192	-0.208	-0.755	-1.199	-1.255	0.4787	0.0000	1.0	1	-11.903	0.000	3.0880501270	4
	0.002765	10.1139	0.8392895460	0.7537	1.7404	3.7218	2.4141	0.419	1.452	1.328	0.626	0.179	-0.223	-0.772	-1.218	-1.274	0.4787	0.0000	1.0	1	-11.903	0.000	3.0880723000	4
	0.002765	10.1139	0.8393465877	0.7538	1.7466	3.7209	2.4044	0.404	1.448	1.319	0.613	0.164	-0.240	-0.791	-1.239	-1.296	0.4787	0.0000	1.0	1	-11.902	0.000	3.0880947113	4
	0.002765	10.1139	0.8394035101	0.7538	1.7537	3.7199	2.3931	0.386	1.443	1.309	0.598	0.147	-0.259	-0.813	-1.264	-1.321	0.4787	0.0000	1.0	1	-11.902	0.000	3.0881171227	4
	0.002765	10.1139	0.8394605517	0.7539	1.7627	3.7186	2.3789	0.363	1.438	1.296	0.580	0.125	-0.283	-0.841	-1.295	-1.353	0.4787	0.0000	1.1	1	-11.901	0.000	3.0881395340	4
	0.002765	10.1139	0.8395177722	0.7540	1.7602	3.7190	2.3832	0.370	1.438	1.299	0.585	0.131	-0.276	-0.833	-1.286	-1.343	0.4787	0.0000	1.1	1	-11.901	0.000	3.0881619453	4
	0.002765	10.1139	0.8395745158	0.7540	1.7766	3.7167	2.3575	0.329	1.429	1.276	0.551	0.092	-0.319	-0.883	-1.343	-1.401	0.4787	0.0000	1.1	1	-11.901	0.000	3.0881841183	4
	0.002765	10.1139	0.8396324515	0.7541	1.8090	3.7124	2.3082	0.248	1.406	1.228	0.483	0.015	-0.404	-0.982	-1.453	-1.512	0.4787	0.0000	1.2	1	-11.901	0.000	3.0882067680	4
	0.002765	10.1139	0.8396660089	0.7541	1.8465	3.7077	2.2519	0.154	1.379	1.172	0.405	-0.074	-0.502	-1.094	-1.578	-1.639	0.4787	0.0000	1.3	1	-11.901	0.000	3.0882201195	4
	0.002765	10.1139	0.8396825790	0.7542	1.8867	3.7028	2.1919	0.053	1.351	1.113	0.321	-0.169	-0.606	-1.214	-1.712	-1.774	0.4787	0.0000	1.5	1	-11.902	0.000	3.0882265568	4
	0.002765	10.1139	0.8396898508	0.7542	1.9253	3.6982	2.1350	-0.043	1.324	1.056	0.242	-0.259	-0.705	-1.328	-1.838	-1.902	0.4787	0.0000	1.6	1	-11.903	0.000	3.0882294178	4
	0.002765	10.1139	0.8396933675	0.7542	1.9640	3.6938	2.0786	-0.140	1.298	0.999	0.163	-0.349	-0.803	-1.441	-1.964	-2.029	0.4787	0.0000	1.8	1	-11.904	0.000	3.0882308483	4
	0.002765	10.1139	0.8396952748	0.7542	2.0022	3.6895	2.0234	-0.235	1.272	0.943	0.084	-0.438	-0.899	-1.552	-2.088	-2.155	0.4787	0.0000	2.0	1	-11.905	0.000	3.0882315636	4
	0.002765	10.1139	0.8396965265	0.7542	2.0428	3.6852	1.9656	-0.337	1.249	0.883	0.002	-0.530	-1.001	-1.668	-2.219	-2.287	0.4787	0.0000	2.2	1	-11.906	0.000	3.0882320404	4
	0.002765	10.1139	0.8396965861	0.7542	2.0465	3.6849	1.9604	-0.346	1.247	0.878	-0.005	-0.538	-1.010	-1.679	-2.231	-2.299	0.4787	0.0000	2.2	1	-11.907	0.000	3.0882320404	7
	0.002765	10.1139	0.8396973610	0.7542	2.0810	3.6814	1.9122	-0.433	1.227	0.827	-0.075	-0.618	-1.096	-1.778	-2.341	-2.410	0.4787	0.0000	2.4	1	-11.908	0.000	3.0882322788	7
	0.002765	10.1139	0.8396982551	0.7542	2.1188	3.6777	1.8594	-0.527	1.209	0.773	-0.151	-0.704	-1.190	-1.885	-2.461	-2.531	0.4787	0.0000	2.6	1	-11.910	0.000	3.0882327557	7
	0.002765	10.1139	0.8396995664	0.7542	2.1565	3.6742	1.8076	-0.621	1.191	0.718	-0.226	-0.790	-1.284	-1.991	-2.578	-2.649	0.4787	0.0000	2.9	1	-11.911	0.000	3.0882332325	7
	0.002765	10.1139	0.8397020102	0.7542	2.1377	3.6761	1.8344	-0.574	1.196	0.743	-0.190	-0.748	-1.238	-1.938	-2.518	-2.588	0.4787	0.0000	2.7	1	-11.910	0.000	3.0882341862	7
	0.002765	10.1139	0.8397197127	0.7542	2.1162	3.6781	1.8637	-0.520	1.208	0.775	-0.146	-0.698	-1.184	-1.877	-2.451	-2.521	0.4787	0.0000	2.6	1	-11.909	0.000	3.0882411003	7
	0.002765	10.1139	0.8397481441	0.7542	2.1556	3.6741	1.8084	-0.619	1.194	0.721	-0.224	-0.788	-1.282	-1.989	-2.576	-2.647	0.4787	0.0000	2.9	1	-11.911	0.000	3.0882523060	7
	0.002765	10.1139	0.8397657871	0.7543	2.1990	3.6698	1.7476	-0.727	1.179	0.662	-0.309	-0.886	-1.390	-2.113	-2.712	-2.785	0.4787	0.0000	3.2	1	-11.913	0.000	3.0882592201	7
	0.002765	10.1139	0.8397783041	0.7543	2.2384	3.6659	1.6928	-0.826	1.171	0.610	-0.385	-0.975	-1.488	-2.223	-2.835	-2.909	0.4787	0.0000	3.5	1	-11.915	0.000	3.0882639885	7
	0.002765	10.1139	0.8397926092	0.7543	2.2785	3.6622	1.6377	-0.926	1.160	0.555	-0.463	-1.065	-1.587	-2.336	-2.959	-3.034	0.4787	0.0000	3.8	1	-11.918	0.000	3.0882697105	7
	0.002765	10.1139	0.8398070335	0.7543	2.3200	3.6582	1.5805	-1.030	1.152	0.501	-0.543	-1.157	-1.688	-2.452	-3.088	-3.165	0.4787	0.0000	4.2	1	-11.921	0.000	3.0882754326	7
	0.002765	10.1139	0.8398201466	0.7543	2.3613	3.6544	1.5237	-1.133	1.147	0.447	-0.620	-1.248	-1.788	-2.567	-3.216	-3.295	0.4787	0.0000	4.7	1	-11.925	0.000	3.0882804394	7
	0.002765	10.1139	0.8398320079	0.7543	2.4027	3.6506	1.4672	-1.237	1.140	0.393	-0.698	-1.339	-1.888	-2.681	-3.344	-3.424	0.4787	0.0000	5.2	1	-11.929	0.000	3.0882852077	7
	0.002765	10.1139	0.8398426771	0.7543	2.4440	3.6468	1.4108	-1.340	1.138	0.340	-0.774	-1.428	-1.986	-2.795	-3.470	-3.552	0.4787	0.0000	5.7	1	-11.933	0.000	3.0882892609	7
	0.002765	10.1139	0.8398522735	0.7544	2.4852	3.6430	1.3544	-1.443	1.138	0.289	-0.848	-1.517	-2.085	-2.908	-3.596	-3.680	0.4787	0.0000	6.3	1	-11.939	0.000	3.0882930756	7
	0.002765	10.1139	0.8398609757	0.7544	2.5265	3.6392	1.2980	-1.546	1.139	0.238	-0.923	-1.605	-2.183	-3.021	-3.722	-3.809	0.4787	0.0000	6.9	1	-11.945	0.000	3.0882964134	7
	0.002765	10.1139	0.8398688436	0.7544	2.5675	3.6355	1.2419	-1.649	1.143	0.189	-0.994	-1.692	-2.279	-3.132	-3.846	-3.935	0.4787	0.0000	7.7	1	-11.951	0.000	3.0882995129	7
	0.002765	10.1139	0.8398762345	0.7544	2.6088	3.6316	1.1853	-1.752	1.150	0.141	-1.066	-1.779	-2.377	-3.245	-3.972	-4.063	0.4787	0.0000	8.5	1	-11.959	0.000	3.0883023739	7
	0.002765	10.1139	0.8398830891	0.7544	2.6491	3.6279	1.1303	-1.853	1.158	0.095	-1.135	-1.863	-2.471	-3.354	-4.093	-4.188	0.4787	0.0000	9.3	1	-11.968	0.000	3.0883052349	7
	0.002765	10.1139	0.8398897648	0.7544	2.6896	3.6242	1.0749	-1.954	1.168	0.051	-1.203	-1.947	-2.565	-3.463	-4.216	-4.312	0.4787	0.0000	10.3	1	-11.977	0.000	3.0883078575	7
	0.002765	10.1139	0.8398962617	0.7544	2.7302	3.6205	1.0193	-2.056	1.179	0.007	-1.271	-2.031	-2.659	-3.572	-4.339	-4.438	0.4787	0.0000	11.3	1	-11.988	0.000	3.0883102417	7
	0.002765	10.1139	0.8399025202	0.7544	2.7720	3.6166	0.9620	-2.160	1.223	-0.025	-1.336	-2.115	-2.756	-3.686	-4.464	-4.566	0.4787	0.0000	12.5	1	-11.794	0.000	3.0883128643	7
	0.002765	10.1139	0.8399080038	0.7544	2.8135	3.6128	0.9052	-2.264	1.284	-0.052	-1.399	-2.198	-2.852	-3.799	-4.587	-4.693	0.4787	0.0000	13.8	1	-11.391	0.000	3.0883150101	7
	0.002765	10.1139	0.8399128914	0.7544	2.8574	3.6087	0.8450	-2.373	1.353	-0.078	-1.465	-2.285	-2.953	-3.918	-4.717	-4.827	0.4787	0.0000	15.4	1	-10.966	0.000	3.0883169174	7
	0.002765	10.1139	0.8399165869	0.7544	2.9011	3.6046	0.7850	-2.483	1.426	-0.101	-1.528	-2.370	-3.053	-4.036	-4.847	-4.961	0.4787	0.0000	17.1	1	-10.545	0.000	3.0883183479	7
	0.002765	10.1139	0.8399194479	0.7544	2.9430	3.6007	0.7274	-2.588	1.498	-0.123	-1.589	-2.451	-3.148	-4.149	-4.971	-5.089	0.4787	0.0000	19.0	1	-10.143	0.000	3.0883193016	7
	0.002765	10.1139	0.8399220705	0.7544	2.9858	3.5966	0.6683	-2.695	1.574	-0.142	-1.647	-2.531	-3.245	-4.264	-5.097	-5.220	0.4787	0.0000	21.1	1	-9.734	0.000	3.0883204937	7
	0.002765	10.1139	0.8399245143	0.7544	3.0300	3.5924	0.6073	-2.805	1.654	-0.160	-1.707	-2.613	-3.343	-4.382	-5.227	-5.355	0.4787	0.0000	23.5	1	-9.316	0.000	3.0883214474	7
	0.002765	10.1139	0.8399265409	0.7544	3.0665	3.5888	0.5565	-2.896	1.726	-0.172	-1.754	-2.680	-3.424	-4.479	-5.335	-5.467	0.4787	0.0000	25.8	1	-8.971	0.000	3.0883221626	7
	0.002765	10.1139	0.8399286866	0.7544	3.1076	3.5848	0.4994	-2.999	1.812	-0.182	-1.804	-2.753	-3.514	-4.588	-5.455	-5.593	0.4787	0.0000	28.6	1	-8.587	0.000	3.0883231163	7
	0.002765	10.1139	0.8399300575	0.7545	3.1684	3.5784	0.4127	-3.151	1.913	-0.195	-1.866	-2.850	-3.644	-4.750	-5.636	-5.783	0.4787	0.0000	33.4	1	-8.014	0.000	3.0883235931	7
	0.002765	10.1139	0.8399303555	0.7545	3.1824	3.5769	0.3928	-3.186	1.935	-0.196	-1.879	-2.869	-3.674	-4.787	-5.677	-5.826	0.4787	0.0000	34.7	1	-7.885	0.000	3.0883235931	7
	0.002765	10.1139	0.8399307728	0.7545	3.1922	3.5757	0.3785	-3.210	1.954	-0.195	-1.886	-2.882	-3.694	-4.813	-5.707	-5.857	0.4787	0.0000	35.6	1	-7.792	0.000	3.0883238316	7
	0.002765	10.1139	0.8399308920	0.7545	3.1923	3.5757	0.3780	-3.211	1.956	-0.194	-1.885	-2.882	-3.695	-4.813	-5.707	-5.858	0.4787	0.5248	35.6	1	-7.789	0.000	3.0883238316	8
	0.002765	10.1139	0.8399309516	0.7574	3.1947	3.5754	0.3762	-3.217	1.959	-0.194	-1.887	-2.885	-3.700	-4.820	-5.715	-5.866	0.4787	0.5249	35.8	1	-7.770	-0.004	3.0883238316	8
	0.002765	10.1139	0.8399310112	0.7604	3.1972	3.5751	0.3743	-3.223	1.962	-0.195	-1.889	-2.888	-3.705	-4.826	-5.722	-5.874	0.4786	0.5250	35.9	1	-7.751	-0.008	3.0883238316	8
	0.002765	10.1139	0.8399310708	0.7633	3.1996	3.5748	0.3725	-3.229	1.965	-0.195	-1.891	-2.892	-3.710	-4.833	-5.729	-5.881	0.4786	0.5251	36.1	1	-7.732	-0.011	3.0883240700	8
	0.002765	10.1139	0.8399311304	0.7663	3.2021	3.5746	0.3706	-3.235	1.968	-0.196	-1.893	-2.895	-3.715	-4.839	-5.737	-5.889	0.4786	0.5252	36.3	1	-7.713	-0.015	3.0883240700	8
	0.002765	10.1139	0.8399311900	0.7693	3.2045	3.5743	0.3687	-3.241	1.972	-0.196	-1.895	-2.898	-3.720	-4.846	-5.744	-5.897	0.4786	0.5252	36.4	1	-7.695	-0.019	3.0883240700	8
	0.002765	10.1139	0.8399312496	0.7722	3.2070	3.5740	0.3669	-3.247	1.975	-0.197	-1.897	-2.902	-3.725	-4.852	-5.751	-5.905	0.4786	0.5253	36.6	1	-7.677	-0.023	3.0883240700	8
	0.002765	10.1139	0.8399313092	0.7752	3.2094	3.5737	0.3650	-3.254	1.978	-0.197	-1.900	-2.905	-3.730	-4.858	-5.759	-5.912	0.4785	0.5254	36.7	1	-7.659	-0.027	3.0883240700	8
	0.002765	10.1139	0.8399313688	0.7782	3.2119	3.5735	0.3631	-3.260	1.981	-0.198	-1.902	-2.908	-3.736	-4.865	-5.766	-5.920	0.4785	0.5255	36.9	1	-7.641	-0.030	3.0883240700	8
	0.002765	10.1139	0.8399314284	0.7811	3.2143	3.5732	0.3612	-3.266	1.984	-0.198	-1.904	-2.912	-3.741	-4.871	-5.773	-5.928	0.4785	0.5256	37.1	1	-7.623	-0.034	3.0883240700	8
	0.002765	10.1139	0.8399314880	0.7841	3.2168	3.5729	0.3593	-3.272	1.987	-0.198	-1.906	-2.915	-3.746	-4.878	-5.781	-5.936	0.4785	0.5257	37.2	1	-7.606	-0.038	3.0883240700	8
	0.002765	10.1139	0.8399315476	0.7871	3.2192	3.5726	0.3574	-3.278	1.990	-0.199	-1.908	-2.918	-3.751	-4.884	-5.788	-5.943	0.4784	0.5258	37.4	1	-7.590	-0.042	3.0883240700	8
	0.002765	10.1139	0.8399316072	0.7900	3.2216	3.5724	0.3555	-3.284	1.994	-0.199	-1.910	-2.922	-3.756	-4.891	-5.795	-5.951	0.4784	0.5258	37.6	1	-7.573	-0.046	3.0883240700	8
	0.002765	10.1139	0.8399316669	0.7930	3.2241	3.5721	0.3536	-3.290	1.997	-0.200	-1.912	-2.925	-3.761	-4.897	-5.803	-5.959	0.4784	0.5259	37.7	1	-7.557	-0.049	3.0883243084	8
	0.002765	10.1139	0.8399317265	0.7960	3.2265	3.5718	0.3516	-3.296	2.000	-0.200	-1.914	-2.928	-3.766	-4.904	-5.810	-5.967	0.4784	0.5260	37.9	1	-7.542	-0.053	3.0883243084	8
	0.002765	10.1139	0.8399317861	0.7989	3.2290	3.5715	0.3497	-3.302	2.003	-0.201	-1.916	-2.932	-3.772	-4.910	-5.818	-5.974	0.4783	0.5261	38.1	1	-7.527	-0.057	3.0883243084	8
	0.002765	10.1139	0.8399318457	0.8019	3.2314	3.5713	0.3478	-3.309	2.006	-0.201	-1.918	-2.935	-3.777	-4.916	-5.825	-5.982	0.4783	0.5262	38.3	1	-7.513	-0.061	3.0883243084	8
	0.002765	10.1139	0.8399319053	0.8049	3.2339	3.5710	0.3458	-3.315	2.009	-0.201	-1.920	-2.939	-3.782	-4.923	-5.832	-5.990	0.4783	0.5263	38.4	1	-7.499	-0.065	3.0883243084	8
	0.002765	10.1139	0.8399319649	0.8078	3.2363	3.5707	0.3439	-3.321	2.013	-0.202	-1.922	-2.942	-3.787	-4.929	-5.840	-5.998	0.4783	0.5264	38.6	1	-7.486	-0.069	3.0883243084	8
	0.002765	10.1139	0.8399320245	0.8108	3.2388	3.5705	0.3419	-3.327	2.016	-0.202	-1.924	-2.945	-3.792	-4.936	-5.847	-6.005	0.4783	0.5264	38.8	1	-7.473	-0.072	3.0883243084	8
	0.002765	10.1139	0.8399320841	0.8137	3.2412	3.5702	0.3400	-3.333	2.019	-0.203	-1.926	-2.949	-3.797	-4.942	-5.854	-6.013	0.4782	0.5265	39.0	1	-7.461	-0.076	3.0883243084	8
	0.002765	10.1139	0.8399321437	0.8167	3.2437	3.5699	0.3380	-3.339	2.022	-0.203	-1.928	-2.952	-3.802	-4.949	-5.862	-6.021	0.4782	0.5266	39.2	1	-7.450	-0.080	3.0883243084	8
	0.002765	10.1139	0.8399322033	0.8197	3.2461	3.5696	0.3360	-3.345	2.025	-0.203	-1.929	-2.954	-3.807	-4.955	-5.869	-6.029	0.4782	0.5267	39.3	1	-7.440	-0.084	3.0883243084	8
	0.002765	10.1139	0.8399322629	0.8226	3.2486	3.5694	0.3341	-3.351	2.028	-0.203	-1.931	-2.956	-3.813	-4.962	-5.876	-6.036	0.4782	0.5268	39.5	1	-7.430	-0.088	3.0883245468	8
	0.002765	10.1139	0.8399323225	0.8256	3.2510	3.5691	0.3321	-3.358	2.031	-0.203	-1.932	-2.958	-3.818	-4.968	-5.884	-6.044	0.4781	0.5269	39.7	1	-7.421	-0.091	3.0883245468	8
	0.002765	10.1139	0.8399323821	0.8286	3.2535	3.5688	0.3301	-3.364	2.034	-0.203	-1.933	-2.961	-3.823	-4.975	-5.891	-6.052	0.4781	0.5270	39.9	1	-7.413	-0.095	3.0883245468	8
	0.002765	10.1139	0.8399324417	0.8315	3.2559	3.5685	0.3281	-3.370	2.037	-0.203	-1.935	-2.963	-3.828	-4.982	-5.898	-6.060	0.4781	0.5270	40.1	1	-7.406	-0.099	3.0883245468	8
	0.002765	10.1139	0.8399325609	0.8301	3.2601	3.5680	0.3212	-3.380	2.045	-0.203	-1.936	-2.967	-3.837	-4.993	-5.911	-6.073	0.4781	0.5271	40.6	1	-7.359	-0.099	3.0883245468	8
	0.002765	10.1139	0.8399326801	0.8286	3.2643	3.5676	0.3143	-3.391	2.053	-0.202	-1.938	-2.971	-3.846	-5.004	-5.923	-6.087	0.4781	0.5272	41.1	1	-7.313	-0.099	3.0883245468	8
	0.002765	10.1139	0.8399327993	0.8272	3.2685	3.5671	0.3074	-3.401	2.061	-0.201	-1.940	-2.975	-3.855	-5.016	-5.936	-6.100	0.4781	0.5273	41.6	1	-7.267	-0.099	3.0883245468	8
	0.002765	10.1139	0.8399329185	0.8257	3.2728	3.5666	0.3004	-3.412	2.069	-0.200	-1.942	-2.979	-3.864	-5.027	-5.948	-6.113	0.4781	0.5274	42.1	1	-7.221	-0.100	3.0883247852	8
	0.002765	10.1139	0.8399330378	0.8243	3.2770	3.5661	0.2935	-3.422	2.078	-0.199	-1.944	-2.982	-3.872	-5.038	-5.961	-6.127	0.4781	0.5275	42.6	1	-7.176	-0.100	3.0883247852	8
	0.002765	10.1139	0.8399331570	0.8228	3.2812	3.5656	0.2866	-3.433	2.086	-0.198	-1.946	-2.986	-3.881	-5.050	-5.974	-6.140	0.4781	0.5276	43.1	1	-7.131	-0.100	3.0883247852	8
	0.002765	10.1139	0.8399332762	0.8214	3.2854	3.5651	0.2797	-3.444	2.094	-0.197	-1.948	-2.990	-3.890	-5.061	-5.986	-6.153	0.4781	0.5277	43.7	1	-7.086	-0.100	3.0883247852	8
	0.002765	10.1139	0.8399333954	0.8199	3.2896	3.5647	0.2728	-3.454	2.102	-0.196	-1.950	-2.994	-3.899	-5.073	-5.999	-6.167	0.4781	0.5278	44.2	1	-7.042	-0.100	3.0883247852	8
	0.002765	10.1139	0.8399335146	0.8185	3.2938	3.5642	0.2658	-3.465	2.110	-0.195	-1.952	-2.998	-3.908	-5.084	-6.011	-6.180	0.4781	0.5279	44.8	1	-6.998	-0.100	3.0883250237	8
	0.002765	10.1139	0.8399336338	0.8170	3.2981	3.5637	0.2589	-3.475	2.118	-0.194	-1.954	-3.002	-3.917	-5.095	-6.024	-6.194	0.4781	0.5280	45.3	1	-6.954	-0.101	3.0883250237	8
	0.002765	10.1139	0.8399337530	0.8156	3.3023	3.5632	0.2520	-3.486	2.126	-0.193	-1.956	-3.006	-3.925	-5.107	-6.036	-6.207	0.4781	0.5281	45.9	1	-6.911	-0.101	3.0883250237	8
	0.002765	10.1139	0.8399338722	0.8141	3.3065	3.5627	0.2451	-3.496	2.134	-0.192	-1.958	-3.010	-3.934	-5.118	-6.049	-6.220	0.4781	0.5282	46.5	1	-6.868	-0.101	3.0883250237	8
	0.002765	10.1139	0.8399339914	0.8127	3.3107	3.5622	0.2381	-3.507	2.142	-0.191	-1.959	-3.014	-3.943	-5.129	-6.061	-6.234	0.4781	0.5283	47.0	1	-6.825	-0.101	3.0883250237	8
	0.002765	10.1139	0.8399340510	0.8112	3.3149	3.5618	0.2312	-3.517	2.151	-0.190	-1.961	-3.018	-3.952	-5.141	-6.074	-6.247	0.4781	0.5284	47.6	1	-6.783	-0.101	3.0883250237	8
	0.002765	10.1139	0.8399341702	0.8097	3.3191	3.5613	0.2243	-3.528	2.159	-0.189	-1.963	-3.022	-3.961	-5.152	-6.086	-6.260	0.4781	0.5285	102.5	0	-8.678	-0.101	3.0883252621	8
	0.002765	10.1139	0.8399342895	0.8083	3.3234	3.5608	0.2174	-3.538	2.167	-0.188	-1.965	-3.026	-3.969	-5.163	-6.099	-6.274	0.4781	0.5286	104.1	0	-8.623	-0.102	3.0883252621	8
	0.002765	10.1139	0.8399344087	0.8068	3.3276	3.5603	0.2104	-3.549	2.175	-0.187	-1.967	-3.031	-3.978	-5.175	-6.112	-6.287	0.4781	0.5287	105.7	0	-8.567	-0.102	3.0883252621	8
	0.002765	10.1139	0.8399345279	0.8054	3.3318	3.5598	0.2035	-3.559	2.183	-0.185	-1.969	-3.034	-3.987	-5.186	-6.124	-6.301	0.4781	0.5288	107.4	0	-8.511	-0.102	3.0883252621	8
	0.002765	10.1139	0.8399346471	0.8039	3.3360	3.5593	0.1966	-3.570	2.190	-0.184	-1.968	-3.036	-3.995	-5.197	-6.137	-6.314	0.4781	0.5289	109.0	0	-8.455	-0.102	3.0883252621	8
	0.002765	10.1139	0.8399347663	0.8025	3.3402	3.5589	0.1896	-3.581	2.197	-0.182	-1.968	-3.037	-4.004	-5.209	-6.149	-6.327	0.4781	0.5290	110.7	0	-8.399	-0.102	3.0883255005	8
	0.002765	10.1139	0.8399348855	0.8010	3.3444	3.5584	0.1827	-3.591	2.204	-0.180	-1.968	-3.039	-4.013	-5.220	-6.162	-6.341	0.4781	0.5291	112.4	0	-8.343	-0.102	3.0883255005	8
	0.002765	10.1139	0.8399350047	0.7996	3.3487	3.5579	0.1757	-3.602	2.211	-0.178	-1.968	-3.041	-4.021	-5.232	-6.174	-6.354	0.4781	0.5292	114.2	0	-8.287	-0.103	3.0883255005	8
	0.002765	10.1139	0.8399351239	0.7981	3.3529	3.5574	0.1688	-3.612	2.218	-0.176	-1.968	-3.043	-4.030	-5.243	-6.187	-6.368	0.4781	0.5293	115.9	0	-8.231	-0.103	3.0883255005	8
	0.002765	10.1139	0.8399352431	0.7967	3.3571	3.5569	0.1619	-3.623	2.225	-0.173	-1.968	-3.044	-4.038	-5.255	-6.200	-6.381	0.4781	0.5294	117.7	0	-8.175	-0.103	3.0883255005	8
	0.002765	10.1139	0.8399353623	0.7952	3.3613	3.5564	0.1549	-3.633	2.232	-0.171	-1.967	-3.046	-4.047	-5.266	-6.212	-6.394	0.4781	0.5295	119.6	0	-8.118	-0.103	3.0883257389	8
	0.002765	10.1139	0.8399354815	0.7938	3.3655	3.5560	0.1480	-3.644	2.239	-0.169	-1.967	-3.048	-4.055	-5.278	-6.225	-6.408	0.4781	0.5296	121.4	0	-8.062	-0.103	3.0883257389	8
	0.002765	10.1139	0.8399356008	0.7913	3.3677	3.5557	0.1435	-3.649	2.243	-0.168	-1.967	-3.049	-4.060	-5.283	-6.231	-6.415	0.4781	0.5297	122.6	0	-8.021	-0.103	3.0883257389	8
	0.002765	10.1139	0.8399357796	0.7888	3.3698	3.5555	0.1391	-3.654	2.248	-0.167	-1.967	-3.050	-4.064	-5.289	-6.237	-6.421	0.4781	0.5299	123.8	0	-7.980	-0.104	3.0883257389	8
	0.002765	10.1139	0.8399358988	0.7863	3.3719	3.5552	0.1347	-3.660	2.252	-0.166	-1.967	-3.051	-4.069	-5.295	-6.244	-6.428	0.4781	0.5300	125.0	0	-7.939	-0.104	3.0883259773	8
	0.002765	10.1139	0.8399360776	0.7839	3.3741	3.5550	0.1302	-3.665	2.256	-0.165	-1.967	-3.052	-4.073	-5.301	-6.250	-6.435	0.4781	0.5302	126.2	0	-7.897	-0.104	3.0883259773	8
	0.002765	10.1139	0.8399361968	0.7814	3.3762	3.5548	0.1258	-3.670	2.260	-0.164	-1.967	-3.053	-4.077	-5.307	-6.256	-6.441	0.4781	0.5303	127.5	0	-7.856	-0.104	3.0883259773	8
	0.002765	10.1139	0.8399363756	0.7789	3.3783	3.5545	0.1213	-3.676	2.264	-0.163	-1.968	-3.054	-4.082	-5.312	-6.262	-6.448	0.4781	0.5305	128.7	0	-7.814	-0.104	3.0883259773	8
	0.002765	10.1139	0.8399364948	0.7764	3.3805	3.5543	0.1169	-3.681	2.268	-0.162	-1.968	-3.055	-4.086	-5.318	-6.269	-6.455	0.4781	0.5306	130.0	0	-7.773	-0.104	3.0883262157	8
	0.002765	10.1139	0.8399366140	0.7740	3.3826	3.5541	0.1124	-3.686	2.272	-0.161	-1.968	-3.056	-4.090	-5.324	-6.275	-6.462	0.4781	0.5308	131.2	0	-7.731	-0.104	3.0883262157	8
	0.002765	10.1139	0.8399367929	0.7715	3.3847	3.5538	0.1079	-3.692	2.276	-0.159	-1.968	-3.057	-4.095	-5.330	-6.281	-6.468	0.4781	0.5309	132.5	0	-7.690	-0.104	3.0883262157	8
	0.002765	10.1139	0.8399369121	0.7690	3.3869	3.5536	0.1035	-3.697	2.281	-0.158	-1.968	-3.059	-4.099	-5.336	-6.288	-6.475	0.4781	0.5311	133.8	0	-7.648	-0.105	3.0883262157	8
	0.002765	10.1139	0.8399370909	0.7665	3.3890	3.5534	0.0990	-3.702	2.285	-0.157	-1.968	-3.060	-4.103	-5.341	-6.294	-6.482	0.4781	0.5313	135.1	0	-7.606	-0.105	3.0883262157	8
	0.002765	10.1139	0.8399372101	0.7641	3.3911	3.5531	0.0945	-3.708	2.289	-0.156	-1.968	-3.061	-4.108	-5.347	-6.300	-6.488	0.4781	0.5314	136.5	0	-7.564	-0.105	3.0883264542	8
	0.002765	10.1139	0.8399373293	0.7616	3.3932	3.5529	0.0900	-3.713	2.293	-0.155	-1.968	-3.062	-4.112	-5.353	-6.307	-6.495	0.4781	0.5316	137.8	0	-7.522	-0.105	3.0883264542	8
	0.002765	10.1139	0.8399375081	0.7591	3.3954	3.5527	0.0855	-3.718	2.297	-0.154	-1.968	-3.063	-4.116	-5.359	-6.313	-6.502	0.4781	0.5317	139.2	0	-7.480	-0.105	3.0883264542	8
	0.002765	10.1139	0.8399376273	0.7566	3.3975	3.5524	0.0811	-3.724	2.301	-0.153	-1.968	-3.064	-4.121	-5.364	-6.319	-6.509	0.4781	0.5319	140.5	0	-7.438	-0.105	3.0883264542	8
	0.002765	10.1139	0.8399378061	0.7541	3.3996	3.5522	0.0766	-3.729	2.306	-0.151	-1.968	-3.065	-4.125	-5.370	-6.325	-6.515	0.4781	0.5320	141.9	0	-7.396	-0.105	3.0883266926	8
	0.002765	10.1139	0.8399379253	0.7517	3.4018	3.5520	0.0721	-3.734	2.310	-0.150	-1.968	-3.066	-4.129	-5.376	-6.332	-6.522	0.4781	0.5322	143.3	0	-7.354	-0.105	3.0883266926	8
	0.002765	10.1139	0.8399381042	0.7492	3.4039	3.5517	0.0676	-3.740	2.314	-0.149	-1.968	-3.067	-4.134	-5.382	-6.338	-6.529	0.4781	0.5323	144.7	0	-7.312	-0.106	3.0883266926	8
	0.002765	10.1139	0.8399382234	0.7467	3.4060	3.5515	0.0630	-3.745	2.318	-0.148	-1.968	-3.068	-4.138	-5.387	-6.344	-6.536	0.4781	0.5325	146.2	0	-7.269	-0.106	3.0883266926	8
	0.002765	10.1139	0.8399383426	0.7442	3.4082	3.5512	0.0585	-3.750	2.323	-0.147	-1.968	-3.069	-4.143	-5.393	-6.351	-6.542	0.4781	0.5326	147.6	0	-7.227	-0.106	3.0883269310	8
	0.002765	10.1139	0.8399385214	0.7418	3.4103	3.5510	0.0540	-3.756	2.327	-0.145	-1.968	-3.070	-4.147	-5.399	-6.357	-6.549	0.4781	0.5328	149.1	0	-7.185	-0.106	3.0883269310	8
	0.002765	10.1139	0.8399386406	0.7393	3.4124	3.5508	0.0495	-3.761	2.331	-0.144	-1.968	-3.071	-4.151	-5.405	-6.363	-6.556	0.4781	0.5329	150.6	0	-7.142	-0.106	3.0883269310	8
	0.002765	10.1139	0.8399388194	0.7368	3.4146	3.5505	0.0449	-3.766	2.336	-0.143	-1.968	-3.072	-4.156	-5.411	-6.369	-6.563	0.4781	0.5331	152.0	0	-7.100	-0.106	3.0883269310	8
	0.002765	10.1139	0.8399389386	0.7343	3.4167	3.5503	0.0404	-3.772	2.340	-0.142	-1.968	-3.073	-4.160	-5.416	-6.376	-6.569	0.4781	0.5332	153.6	0	-7.057	-0.106	3.0883271694	8
	0.002765	10.1139	0.8399391174	0.7319	3.4188	3.5501	0.0359	-3.777	2.344	-0.141	-1.968	-3.074	-4.164	-5.422	-6.382	-6.576	0.4781	0.5334	155.1	0	-7.014	-0.106	3.0883271694	8
	0.002765	10.1139	0.8399392366	0.7294	3.4210	3.5498	0.0313	-3.782	2.348	-0.139	-1.967	-3.075	-4.168	-5.428	-6.388	-6.583	0.4781	0.5335	156.6	0	-6.972	-0.107	3.0883271694	8
	0.002765	10.1139	0.8399394155	0.7251	3.4232	3.5499	0.0268	-3.788	2.344	-0.145	-1.974	-3.082	-4.174	-5.433	-6.393	-6.588	0.4781	0.5338	158.2	0	-6.922	-0.107	3.0883271694	8
	0.002765	10.1139	0.8399395943	0.7208	3.4255	3.5500	0.0222	-3.794	2.341	-0.151	-1.982	-3.089	-4.180	-5.439	-6.399	-6.593	0.4781	0.5340	159.7	0	-6.871	-0.107	3.0883274078	8
	0.002765	10.1139	0.8399397135	0.7164	3.4277	3.5500	0.0176	-3.799	2.337	-0.157	-1.989	-3.096	-4.186	-5.445	-6.404	-6.598	0.4781	0.5342	161.3	0	-6.821	-0.107	3.0883274078	8
	0.002765	10.1139	0.8399398923	0.7121	3.4300	3.5501	0.0130	-3.805	2.333	-0.162	-1.996	-3.103	-4.192	-5.450	-6.409	-6.603	0.4781	0.5344	162.9	0	-6.771	-0.107	3.0883274078	8
	0.002765	10.1139	0.8399400711	0.7078	3.4322	3.5502	0.0083	-3.811	2.329	-0.168	-2.002	-3.110	-4.198	-5.456	-6.414	-6.609	0.4781	0.5346	164.5	0	-6.720	-0.108	3.0883274078	8
	0.002765	10.1139	0.8399402499	0.7035	3.4345	3.5502	0.0037	-3.816	2.325	-0.174	-2.009	-3.117	-4.204	-5.461	-6.419	-6.614	0.4781	0.5349	166.2	0	-6.669	-0.108	3.0883276463	8
	0.002765	10.1139	0.8399404287	0.6992	3.4367	3.5503	-0.0010	-3.822	2.319	-0.180	-2.016	-3.124	-4.210	-5.467	-6.424	-6.619	0.4781	0.5351	167.9	0	-6.617	-0.108	3.0883276463	8
	0.002765	10.1139	0.8399405479	0.6948	3.4390	3.5504	-0.0057	-3.827	2.304	-0.190	-2.023	-3.130	-4.215	-5.472	-6.430	-6.624	0.4781	0.5353	169.5	0	-6.566	-0.108	3.0883276463	8
	0.002765	10.1139	0.8399407268	0.6905	3.4412	3.5504	-0.0104	-3.833	2.289	-0.200	-2.030	-3.137	-4.221	-5.478	-6.436	-6.630	0.4781	0.5355	171.3	0	-6.514	-0.108	3.0883276463	8
	0.002765	10.1139	0.8399409056	0.6862	3.4435	3.5505	-0.0151	-3.839	2.274	-0.209	-2.038	-3.143	-4.227	-5.483	-6.441	-6.635	0.4781	0.5357	173.0	0	-6.462	-0.109	3.0883278847	8
	0.002765	10.1139	0.8399410844	0.6819	3.4457	3.5505	-0.0198	-3.844	2.259	-0.219	-2.045	-3.149	-4.233	-5.489	-6.447	-6.640	0.4781	0.5360	174.8	0	-6.410	-0.109	3.0883278847	8
	0.002765	10.1139	0.8399412632	0.6776	3.4480	3.5506	-0.0246	-3.850	2.244	-0.229	-2.052	-3.155	-4.239	-5.494	-6.453	-6.646	0.4781	0.5362	176.5	0	-6.358	-0.109	3.0883278847	8
	0.002765	10.1139	0.8399413824	0.6733	3.4502	3.5507	-0.0293	-3.856	2.228	-0.238	-2.059	-3.162	-4.245	-5.500	-6.458	-6.651	0.4781	0.5364	178.3	0	-6.305	-0.109	3.0883281231	8
	0.002765	10.1139	0.8399415612	0.6689	3.4524	3.5507	-0.0341	-3.861	2.213	-0.248	-2.066	-3.168	-4.251	-5.505	-6.464	-6.657	0.4781	0.5366	180.2	0	-6.252	-0.109	3.0883281231	8
	0.002765	10.1139	0.8399417400	0.6646	3.4547	3.5508	-0.0389	-3.867	2.198	-0.258	-2.073	-3.174	-4.257	-5.511	-6.470	-6.662	0.4781	0.5368	182.0	0	-6.199	-0.109	3.0883281231	8
	0.002765	10.1139	0.8399419188	0.6603	3.4569	3.5509	-0.0437	-3.872	2.183	-0.268	-2.080	-3.180	-4.262	-5.516	-6.475	-6.667	0.4781	0.5371	183.9	0	-6.146	-0.110	3.0883281231	8
	0.002765	10.1139	0.8399420977	0.6560	3.4592	3.5509	-0.0486	-3.878	2.167	-0.277	-2.088	-3.187	-4.268	-5.521	-6.481	-6.673	0.4781	0.5373	185.8	0	-6.092	-0.110	3.0883283615	8
	0.002765	10.1139	0.8399422765	0.6517	3.4614	3.5510	-0.0534	-3.884	2.152	-0.287	-2.095	-3.193	-4.274	-5.527	-6.487	-6.678	0.4781	0.5375	187.8	0	-6.038	-0.110	3.0883283615	8
	0.002765	10.1139	0.8399423957	0.6474	3.4637	3.5511	-0.0583	-3.889	2.137	-0.297	-2.102	-3.199	-4.280	-5.532	-6.492	-6.684	0.4781	0.5377	189.8	0	-5.984	-0.110	3.0883283615	8
	0.002765	10.1139	0.8399425745	0.6430	3.4659	3.5511	-0.0632	-3.895	2.121	-0.307	-2.109	-3.205	-4.286	-5.538	-6.498	-6.689	0.4781	0.5379	191.7	0	-5.929	-0.110	3.0883285999	8
	0.002765	10.1139	0.8399427533	0.6387	3.4682	3.5512	-0.0681	-3.900	2.106	-0.317	-2.116	-3.212	-4.292	-5.543	-6.504	-6.694	0.4781	0.5382	193.8	0	-5.875	-0.111	3.0883285999	8
	0.002765	10.1139	0.8399429321	0.6344	3.4704	3.5513	-0.0730	-3.906	2.090	-0.326	-2.123	-3.218	-4.298	-5.549	-6.509	-6.700	0.4781	0.5384	195.8	0	-5.820	-0.111	3.0883285999	8
	0.002765	10.1139	0.8399431109	0.6301	3.4727	3.5513	-0.0780	-3.912	2.075	-0.336	-2.131	-3.224	-4.303	-5.554	-6.515	-6.705	0.4781	0.5386	197.9	0	-5.764	-0.111	3.0883285999	8
	0.002765	10.1139	0.8399432302	0.6258	3.4749	3.5514	-0.0830	-3.917	2.059	-0.346	-2.138	-3.230	-4.309	-5.560	-6.521	-6.711	0.4781	0.5388	200.0	0	-5.709	-0.111	3.0883288383	8
	0.002765	10.1139	0.8399434090	0.6214	3.4772	3.5515	-0.0880	-3.923	2.044	-0.356	-2.145	-3.237	-4.315	-5.565	-6.526	-6.716	0.4781	0.5391	202.2	0	-5.653	-0.111	3.0883288383	8
	0.002765	10.1139	0.8399435878	0.6171	3.4794	3.5515	-0.0930	-3.929	2.028	-0.366	-2.152	-3.243	-4.321	-5.570	-6.532	-6.721	0.4781	0.5393	204.4	0	-5.597	-0.112	3.0883288383	8
	0.002765	10.1139	0.8399437070	0.6144	3.4801	3.5536	-0.0871	-3.930	1.981	-0.411	-2.200	-3.285	-4.332	-5.569	-6.523	-6.710	0.4781	0.5394	201.6	0	-5.628	-0.112	3.0883288383	8
	0.002765	10.1139	0.8399437666	0.6117	3.4808	3.5558	-0.0813	-3.932	1.934	-0.457	-2.248	-3.327	-4.342	-5.567	-6.514	-6.698	0.4781	0.5394	199.0	0	-5.659	-0.112	3.0883288383	8
	0.002765	10.1139	0.8399438858	0.6090	3.4815	3.5579	-0.0754	-3.934	1.886	-0.502	-2.296	-3.370	-4.353	-5.565	-6.506	-6.687	0.4781	0.5395	196.3	0	-5.689	-0.112	3.0883290768	8
	0.002765	10.1139	0.8399439454	0.6063	3.4822	3.5600	-0.0696	-3.936	1.838	-0.548	-2.344	-3.412	-4.363	-5.564	-6.497	-6.675	0.4781	0.5396	193.7	0	-5.720	-0.112	3.0883290768	8
	0.002765	10.1139	0.8399440646	0.6035	3.4829	3.5621	-0.0638	-3.937	1.785	-0.589	-2.381	-3.444	-4.373	-5.563	-6.488	-6.664	0.4781	0.5397	191.2	0	-5.750	-0.112	3.0883290768	8
	0.002765	10.1139	0.8399441242	0.6008	3.4837	3.5642	-0.0580	-3.939	1.732	-0.630	-2.419	-3.475	-4.383	-5.562	-6.480	-6.652	0.4781	0.5398	188.6	0	-5.781	-0.112	3.0883290768	8
	0.002765	10.1139	0.8399442434	0.5981	3.4844	3.5664	-0.0522	-3.941	1.679	-0.671	-2.457	-3.507	-4.392	-5.562	-6.471	-6.641	0.4781	0.5399	186.1	0	-5.811	-0.112	3.0883290768	8
	0.002765	10.1139	0.8399443030	0.5954	3.4851	3.5685	-0.0464	-3.943	1.625	-0.712	-2.494	-3.538	-4.402	-5.561	-6.463	-6.630	0.4781	0.5399	183.7	0	-5.841	-0.112	3.0883290768	8
	0.002765	10.1139	0.8399444222	0.5927	3.4858	3.5706	-0.0406	-3.944	1.572	-0.752	-2.530	-3.567	-4.412	-5.561	-6.454	-6.618	0.4781	0.5400	181.3	0	-5.871	-0.112	3.0883293152	8
	0.002765	10.1139	0.8399444818	0.5900	3.4865	3.5727	-0.0348	-3.946	1.517	-0.791	-2.561	-3.590	-4.422	-5.561	-6.446	-6.607	0.4781	0.5401	178.9	0	-5.901	-0.112	3.0883293152	8
	0.002765	10.1139	0.8399446011	0.5873	3.4872	3.5748	-0.0290	-3.948	1.463	-0.830	-2.593	-3.613	-4.432	-5.561	-6.438	-6.596	0.4781	0.5402	176.5	0	-5.931	-0.112	3.0883293152	8
	0.002765	10.1139	0.8399446607	0.5845	3.4879	3.5769	-0.0233	-3.950	1.408	-0.869	-2.624	-3.635	-4.442	-5.562	-6.429	-6.585	0.4781	0.5403	174.2	0	-5.960	-0.112	3.0883293152	8
	0.002765	10.1139	0.8399447799	0.5818	3.4886	3.5791	-0.0175	-3.951	1.354	-0.908	-2.655	-3.658	-4.452	-5.562	-6.421	-6.574	0.4781	0.5403	171.9	0	-5.990	-0.112	3.0883293152	8
	0.002765	10.1139	0.8399448991	0.5791	3.4893	3.5812	-0.0118	-3.953	1.297	-0.945	-2.685	-3.678	-4.462	-5.562	-6.412	-6.563	0.4781	0.5404	169.7	0	-6.019	-0.112	3.0883293152	8
	0.002765	10.1139	0.8399449587	0.5764	3.4900	3.5833	-0.0061	-3.955	1.239	-0.982	-2.713	-3.696	-4.472	-5.563	-6.403	-6.551	0.4781	0.5405	167.5	0	-6.048	-0.112	3.0883293152	8
	0.002765	10.1139	0.8399450779	0.5737	3.4907	3.5854	-0.0003	-3.957	1.181	-1.019	-2.740	-3.714	-4.482	-5.563	-6.395	-6.540	0.4781	0.5406	165.3	0	-6.077	-0.112	3.0883295536	8
	0.002765	10.1139	0.8399451375	0.5710	3.4914	3.5875	0.0054	-3.959	1.112	-1.060	-2.769	-3.732	-4.492	-5.563	-6.386	-6.529	0.4781	0.5407	163.2	0	-6.106	-0.112	3.0883295536	8
	0.002765	10.1139	0.8399452567	0.5682	3.4921	3.5897	0.0111	-3.960	1.041	-1.101	-2.798	-3.750	-4.502	-5.563	-6.378	-6.518	0.4781	0.5408	161.0	0	-6.135	-0.112	3.0883295536	8
	0.002765	10.1139	0.8399453163	0.5655	3.4928	3.5918	0.0168	-3.962	0.966	-1.144	-2.827	-3.768	-4.512	-5.562	-6.368	-6.506	0.4781	0.5408	159.0	0	-6.164	-0.112	3.0883295536	8
	0.002765	10.1139	0.8399454355	0.5628	3.4935	3.5939	0.0225	-3.964	0.890	-1.187	-2.856	-3.786	-4.522	-5.561	-6.358	-6.493	0.4781	0.5409	156.9	0	-6.192	-0.112	3.0883295536	8
	0.002765	10.1139	0.8399454951	0.5601	3.4942	3.5960	0.0281	-3.966	0.815	-1.230	-2.885	-3.804	-4.532	-5.561	-6.348	-6.481	0.4781	0.5410	154.9	0	-6.220	-0.112	3.0883295536	8
	0.002765	10.1139	0.8399456143	0.5574	3.4949	3.5981	0.0338	-3.967	0.739	-1.272	-2.914	-3.822	-4.542	-5.560	-6.338	-6.468	0.4781	0.5411	152.9	0	-6.249	-0.112	3.0883297920	8
	0.002765	10.1139	0.8399456739	0.5547	3.4956	3.6003	0.0394	-3.969	0.665	-1.314	-2.943	-3.839	-4.552	-5.559	-6.328	-6.456	0.4781	0.5412	150.9	0	-6.277	-0.112	3.0883297920	8
	0.002765	10.1139	0.8399457932	0.5519	3.4964	3.6024	0.0451	-3.971	0.598	-1.351	-2.967	-3.854	-4.560	-5.558	-6.320	-6.445	0.4781	0.5413	149.0	0	-6.305	-0.112	3.0883297920	8
	0.002765	10.1139	0.8399458528	0.5492	3.4971	3.6045	0.0507	-3.973	0.531	-1.388	-2.992	-3.869	-4.569	-5.557	-6.311	-6.434	0.4781	0.5413	147.0	0	-6.332	-0.112	3.0883297920	8
	0.002765	10.1139	0.8399459720	0.5465	3.4978	3.6066	0.0563	-3.974	0.464	-1.425	-3.017	-3.884	-4.577	-5.556	-6.302	-6.422	0.4781	0.5414	145.2	0	-6.360	-0.112	3.0883297920	8
