#      Z	log(age/yr)	M_ini   	M_act	logL/Lo	logTe	logG	mbol    U       B       V       R       I       J       H       K	int_IMF	stage
	0.019580	8.7993	0.09000000	0.0900	-3.3303	3.3629	5.1263	13.096	25.171	21.778	19.785	17.028	14.376	10.910	10.326	9.973	1.46765435	0
	0.019580	8.7993	0.09718198	0.0972	-3.2432	3.3764	5.1265	12.878	24.188	21.032	19.089	16.497	13.959	10.723	10.137	9.788	1.54246688	0
	0.019580	8.7993	0.10000000	0.1000	-3.2076	3.3818	5.1248	12.789	23.793	20.732	18.811	16.284	13.792	10.647	10.060	9.713	1.57040203	0
	0.019580	8.7993	0.11447467	0.1145	-3.0451	3.4032	5.1064	12.383	22.138	19.473	17.638	15.380	13.070	10.290	9.701	9.358	1.70212460	0
	0.019580	8.7993	0.12000000	0.1200	-2.9852	3.4110	5.0985	12.233	21.529	19.010	17.206	15.047	12.804	10.159	9.569	9.228	1.74782515	0
	0.019580	8.7993	0.14000000	0.1400	-2.8070	3.4322	5.0718	11.787	19.864	17.727	16.010	14.115	12.050	9.762	9.171	8.835	1.89584959	0
	0.019580	8.7993	0.15152307	0.1515	-2.7363	3.4404	5.0685	11.611	19.294	17.266	15.584	13.774	11.769	9.603	9.011	8.680	1.97040832	0
	0.019580	8.7993	0.16000000	0.1600	-2.6786	3.4464	5.0581	11.466	18.869	16.920	15.263	13.513	11.554	9.472	8.879	8.551	2.02115250	0
	0.019580	8.7993	0.18642342	0.1864	-2.5329	3.4592	5.0302	11.102	17.913	16.131	14.517	12.897	11.047	9.139	8.543	8.224	2.15990710	0
	0.019580	8.7993	0.20000000	0.2000	-2.4655	3.4651	5.0168	10.934	17.502	15.786	14.191	12.624	10.823	8.984	8.387	8.072	2.22178221	0
	0.019580	8.7993	0.20907539	0.2091	-2.4270	3.4683	5.0107	10.838	17.276	15.594	14.009	12.472	10.697	8.895	8.298	7.985	2.26012564	0
	0.019580	8.7993	0.25000000	0.2500	-2.2665	3.4814	4.9802	10.436	16.390	14.832	13.284	11.854	10.186	8.524	7.924	7.623	2.40809011	0
	0.019580	8.7993	0.30000001	0.3000	-2.1083	3.4938	4.9504	10.041	15.603	14.135	12.611	11.268	9.705	8.159	7.553	7.265	2.54750419	0
	0.019580	8.7993	0.34999999	0.3500	-1.9591	3.5043	4.9103	9.668	14.934	13.533	12.040	10.763	9.274	7.809	7.198	6.922	2.65552020	0
	0.019580	8.7993	0.40000001	0.4000	-1.8112	3.5161	4.8675	9.298	14.279	12.932	11.468	10.255	8.848	7.468	6.847	6.584	2.74133730	0
	0.019580	8.7993	0.44999999	0.4500	-1.6623	3.5279	4.8171	8.926	13.667	12.355	10.920	9.763	8.429	7.125	6.492	6.242	2.81098008	0
	0.019580	8.7993	0.50000000	0.5000	-1.5117	3.5413	4.7657	8.549	13.071	11.773	10.367	9.266	8.008	6.781	6.134	5.899	2.86847806	0
	0.019580	8.7993	0.55000001	0.5500	-1.3560	3.5586	4.7208	8.160	12.457	11.145	9.758	8.718	7.570	6.437	5.775	5.558	2.91663504	0
	0.019580	8.7993	0.60000002	0.6000	-1.1973	3.5808	4.6886	7.763	11.821	10.465	9.091	8.115	7.125	6.103	5.422	5.232	2.95739889	0
	0.019580	8.7993	0.64999998	0.6500	-1.0401	3.6062	4.6677	7.370	11.184	9.773	8.442	7.524	6.697	5.773	5.082	4.931	2.99236870	0
	0.019580	8.7993	0.69999999	0.7000	-0.8890	3.6326	4.6545	6.993	10.495	9.071	7.821	6.969	6.297	5.459	4.785	4.672	3.02253795	0
	0.019580	8.7993	0.70225525	0.7023	-0.8821	3.6339	4.6543	6.975	10.456	9.036	7.791	6.943	6.279	5.446	4.773	4.662	3.02380061	1
	0.019580	8.7993	0.73965150	0.7396	-0.7697	3.6575	4.6588	6.694	9.710	8.441	7.299	6.529	5.982	5.230	4.610	4.522	3.04364657	1
	0.019580	8.7993	0.75000000	0.7500	-0.7397	3.6638	4.6597	6.619	9.493	8.284	7.172	6.427	5.904	5.174	4.572	4.488	3.04879928	1
	0.019580	8.7993	0.80000001	0.8000	-0.6113	3.6831	4.6367	6.298	8.727	7.725	6.706	6.041	5.573	4.913	4.375	4.300	3.07187057	1
	0.019580	8.7993	0.89347041	0.8935	-0.3852	3.7166	4.5928	5.733	7.488	6.829	5.954	5.411	5.012	4.464	4.024	3.964	3.10802293	1
	0.019580	8.7993	0.91820115	0.9182	-0.3287	3.7247	4.5803	5.592	7.203	6.622	5.779	5.261	4.876	4.353	3.934	3.877	3.11632800	1
	0.019580	8.7993	0.94347042	0.9434	-0.2729	3.7327	4.5684	5.452	6.925	6.420	5.608	5.113	4.742	4.244	3.847	3.793	3.12435341	1
	0.019580	8.7993	0.99347037	0.9934	-0.1624	3.7474	4.5392	5.176	6.412	6.035	5.284	4.830	4.483	4.029	3.668	3.620	3.13900185	1
	0.019580	8.7993	1.04347038	1.0434	-0.0577	3.7606	4.5087	4.914	5.964	5.688	4.988	4.567	4.239	3.822	3.493	3.449	3.15218687	1
	0.019580	8.7993	1.06164789	1.0616	-0.0204	3.7650	4.4963	4.821	5.816	5.568	4.885	4.474	4.153	3.748	3.428	3.386	3.15664864	1
	0.019580	8.7993	1.15495384	1.1549	0.1634	3.7858	4.4322	4.361	5.079	4.976	4.389	4.035	3.748	3.397	3.118	3.087	3.17717576	1
	0.019580	8.7993	1.18407166	1.1840	0.2179	3.7917	4.4122	4.225	4.860	4.802	4.246	3.911	3.634	3.296	3.027	3.000	3.18286896	1
	0.019580	8.7993	1.18694091	1.1869	0.2228	3.7923	4.4106	4.213	4.841	4.787	4.233	3.900	3.624	3.287	3.019	2.992	3.18341351	1
	0.019580	8.7993	1.18758082	1.1875	0.2242	3.7924	4.4100	4.210	4.836	4.783	4.230	3.896	3.621	3.284	3.016	2.990	3.18353462	1
	0.019580	8.7993	1.20284188	1.2028	0.2533	3.7955	4.3987	4.137	4.728	4.692	4.153	3.829	3.558	3.228	2.966	2.942	3.18638134	1
	0.019580	8.7993	1.22728145	1.2272	0.2963	3.8002	4.3833	4.029	4.566	4.557	4.041	3.729	3.466	3.147	2.894	2.871	3.19078088	1
	0.019580	8.7993	1.23694086	1.2369	0.3129	3.8020	4.3775	3.988	4.512	4.506	3.998	3.689	3.429	3.115	2.865	2.843	3.19246817	1
	0.019580	8.7993	1.24068463	1.2406	0.3194	3.8027	4.3750	3.971	4.491	4.487	3.980	3.673	3.415	3.102	2.854	2.832	3.19311452	1
	0.019580	8.7993	1.28694081	1.2869	0.3988	3.8111	4.3450	3.773	4.236	4.247	3.774	3.483	3.238	2.946	2.715	2.694	3.20075965	1
	0.019580	8.7993	1.30812109	1.3081	0.4331	3.8148	4.3329	3.687	4.128	4.144	3.685	3.402	3.162	2.879	2.656	2.636	3.20405722	1
	0.019580	8.7993	1.38041115	1.3803	0.5464	3.8272	4.2922	3.404	3.780	3.806	3.392	3.133	2.913	2.659	2.460	2.443	3.21445155	1
	0.019580	8.7993	1.43041122	1.4303	0.6208	3.8358	4.2679	3.218	3.559	3.584	3.199	2.958	2.753	2.519	2.337	2.321	3.22094727	1
	0.019580	8.7993	1.48041117	1.4803	0.6919	3.8450	4.2484	3.040	3.350	3.372	3.015	2.793	2.604	2.390	2.226	2.212	3.22694683	1
	0.019580	8.7993	1.48120058	1.4811	0.6930	3.8451	4.2482	3.038	3.347	3.368	3.013	2.790	2.602	2.388	2.224	2.210	3.22703791	1
	0.019580	8.7993	1.53041112	1.5304	0.7606	3.8550	4.2343	2.868	3.149	3.164	2.838	2.636	2.464	2.273	2.128	2.115	3.23250365	1
	0.019580	8.7993	1.56043029	1.5604	0.7998	3.8616	4.2298	2.771	3.035	3.044	2.738	2.548	2.388	2.211	2.078	2.065	3.23564601	1
	0.019580	8.7993	1.62388158	1.6238	0.8802	3.8742	4.2171	2.569	2.811	2.804	2.532	2.369	2.232	2.081	1.971	1.959	3.24185133	1
	0.019580	8.7993	1.65214634	1.6521	0.9158	3.8795	4.2104	2.480	2.713	2.699	2.442	2.289	2.163	2.022	1.922	1.910	3.24443460	1
	0.019580	8.7993	1.65374696	1.6537	0.9178	3.8798	4.2100	2.475	2.707	2.693	2.437	2.285	2.159	2.019	1.919	1.908	3.24457765	1
	0.019580	8.7993	1.68041122	1.6804	0.9506	3.8846	4.2033	2.394	2.618	2.598	2.354	2.212	2.095	1.965	1.873	1.862	3.24691463	1
	0.019580	8.7993	1.70867598	1.7087	0.9846	3.8894	4.1956	2.308	2.526	2.499	2.268	2.137	2.028	1.908	1.823	1.813	3.24929738	1
	0.019580	8.7993	1.72618532	1.7262	1.0051	3.8922	4.1907	2.257	2.472	2.440	2.218	2.092	1.988	1.873	1.793	1.783	3.25072694	1
	0.019580	8.7993	1.75867593	1.7587	1.0426	3.8970	4.1807	2.163	2.373	2.333	2.125	2.009	1.915	1.808	1.736	1.726	3.25329018	1
	0.019580	8.7993	1.78694081	1.7869	1.0750	3.9009	4.1708	2.082	2.287	2.242	2.045	1.937	1.850	1.751	1.685	1.675	3.25543022	1
	0.019580	8.7993	1.81520569	1.8152	1.1073	3.9049	4.1612	2.002	2.202	2.152	1.967	1.867	1.787	1.694	1.634	1.625	3.25749087	1
	0.019580	8.7993	1.83679998	1.8368	1.1314	3.9076	4.1530	1.941	2.138	2.084	1.908	1.814	1.738	1.651	1.594	1.585	3.25901461	1
	0.019580	8.7993	1.84347045	1.8435	1.1389	3.9084	4.1504	1.923	2.119	2.064	1.890	1.798	1.723	1.637	1.582	1.573	3.25947666	1
	0.019580	8.7993	1.84999132	1.8500	1.1461	3.9092	4.1480	1.905	2.100	2.043	1.872	1.782	1.709	1.624	1.570	1.561	3.25992465	1
	0.019580	8.7993	1.89347041	1.8935	1.1943	3.9144	4.1304	1.784	1.973	1.911	1.757	1.677	1.612	1.536	1.488	1.480	3.26281738	1
	0.019580	8.7993	1.89679587	1.8968	1.1979	3.9147	4.1291	1.775	1.964	1.901	1.748	1.669	1.605	1.529	1.482	1.474	3.26303220	1
	0.019580	8.7993	1.92173505	1.9217	1.2256	3.9175	4.1183	1.706	1.891	1.826	1.682	1.608	1.549	1.478	1.435	1.426	3.26461458	1
	0.019580	8.7993	1.92752790	1.9275	1.2320	3.9181	4.1156	1.690	1.875	1.808	1.666	1.594	1.536	1.466	1.423	1.415	3.26497531	1
	0.019580	8.7993	1.95000005	1.9500	1.2568	3.9203	4.1043	1.628	1.810	1.741	1.606	1.539	1.484	1.418	1.378	1.369	3.26635003	1
	0.019580	8.7993	1.97816992	1.9782	1.2876	3.9230	4.0905	1.551	1.729	1.659	1.533	1.470	1.420	1.358	1.321	1.313	3.26802111	1
	0.019580	8.7993	2.00000000	2.0000	1.3114	3.9248	4.0789	1.491	1.667	1.596	1.476	1.417	1.369	1.311	1.275	1.267	3.26927757	1
	0.019580	8.7993	2.03277659	2.0328	1.3467	3.9273	4.0605	1.403	1.575	1.503	1.392	1.337	1.293	1.238	1.206	1.198	3.27110171	1
	0.019580	8.7993	2.04999995	2.0500	1.3651	3.9284	4.0504	1.357	1.527	1.454	1.347	1.295	1.253	1.200	1.169	1.161	3.27203131	1
	0.019580	8.7993	2.09602594	2.0960	1.4144	3.9313	4.0222	1.234	1.400	1.326	1.229	1.181	1.144	1.095	1.067	1.060	3.27442241	1
	0.019580	8.7993	2.09999990	2.1000	1.4186	3.9315	4.0195	1.223	1.389	1.315	1.219	1.171	1.134	1.086	1.058	1.051	3.27462268	1
	0.019580	8.7993	2.14096355	2.1410	1.4624	3.9331	3.9907	1.114	1.276	1.202	1.112	1.068	1.033	0.987	0.961	0.954	3.27663398	1
	0.019580	8.7993	2.15000010	2.1500	1.4721	3.9333	3.9837	1.090	1.251	1.177	1.089	1.045	1.010	0.965	0.939	0.932	3.27706480	1
	0.019580	8.7993	2.16039205	2.1604	1.4832	3.9336	3.9758	1.062	1.223	1.149	1.061	1.018	0.984	0.939	0.913	0.906	3.27755475	1
	0.019580	8.7993	2.20000005	2.2000	1.5255	3.9338	3.9422	0.956	1.115	1.040	0.956	0.913	0.880	0.835	0.810	0.803	3.27936959	1
	0.019580	8.7993	2.21168065	2.2117	1.5379	3.9338	3.9320	0.925	1.083	1.008	0.924	0.882	0.849	0.804	0.779	0.772	3.27988935	1
	0.019580	8.7993	2.25000000	2.2500	1.5786	3.9330	3.8957	0.824	0.980	0.904	0.820	0.778	0.744	0.698	0.672	0.665	3.28154731	1
	0.019580	8.7993	2.28062439	2.2806	1.6107	3.9315	3.8634	0.743	0.901	0.821	0.736	0.692	0.656	0.608	0.581	0.574	3.28282261	1
	0.019580	8.7993	2.29999995	2.3000	1.6310	3.9299	3.8402	0.692	0.852	0.768	0.681	0.635	0.598	0.547	0.519	0.511	3.28360772	1
	0.019580	8.7993	2.31200933	2.3120	1.6435	3.9291	3.8269	0.661	0.821	0.736	0.648	0.602	0.563	0.511	0.482	0.474	3.28408623	1
	0.019580	8.7993	2.34684825	2.3468	1.6795	3.9255	3.7829	0.571	0.736	0.646	0.551	0.500	0.457	0.398	0.366	0.358	3.28543949	1
	0.019580	8.7993	2.38458824	2.3846	1.7177	3.9199	3.7294	0.476	0.649	0.550	0.444	0.386	0.336	0.268	0.231	0.221	3.28685021	1
	0.019580	8.7993	2.40000010	2.4000	1.7333	3.9172	3.7057	0.437	0.615	0.513	0.401	0.338	0.285	0.212	0.172	0.162	3.28741050	1
	0.019580	8.7993	2.40291214	2.4029	1.7362	3.9166	3.7010	0.429	0.608	0.506	0.393	0.329	0.275	0.201	0.160	0.150	3.28751540	1
	0.019580	8.7993	2.42941952	2.4294	1.7625	3.9093	3.6502	0.364	0.557	0.447	0.317	0.241	0.177	0.090	0.041	0.030	3.28845549	1
	0.019580	8.7993	2.45368314	2.4537	1.7860	3.9014	3.5995	0.305	0.514	0.400	0.248	0.159	0.084	-0.017	-0.076	-0.088	3.28929377	1
	0.019580	8.7993	2.47603536	2.4760	1.8075	3.8933	3.5496	0.251	0.476	0.362	0.187	0.083	-0.005	-0.120	-0.189	-0.202	3.29004812	1
	0.019580	8.7993	2.49521136	2.4952	1.8261	3.8847	3.4999	0.205	0.449	0.338	0.136	0.014	-0.087	-0.219	-0.299	-0.314	3.29068184	1
	0.019580	8.7993	2.51544762	2.5154	1.8501	3.8773	3.4499	0.145	0.406	0.298	0.075	-0.062	-0.176	-0.322	-0.414	-0.429	3.29133749	1
	0.019580	8.7993	2.52443385	2.5244	1.8623	3.8750	3.4299	0.114	0.382	0.273	0.044	-0.097	-0.215	-0.366	-0.461	-0.477	3.29162431	1
	0.019580	8.7993	2.53298044	2.5330	1.8905	3.8841	3.4393	0.044	0.289	0.173	-0.027	-0.148	-0.250	-0.383	-0.464	-0.478	3.29189467	1
	0.019580	8.7993	2.53637671	2.5364	1.9120	3.8943	3.4594	-0.010	0.213	0.089	-0.076	-0.176	-0.260	-0.374	-0.441	-0.454	3.29200149	1
	0.019580	8.7993	2.53775835	2.5378	1.9314	3.9047	3.4819	-0.058	0.142	0.016	-0.115	-0.195	-0.262	-0.358	-0.411	-0.424	3.29204488	1
	0.019580	8.7993	2.53848171	2.5385	1.9524	3.9156	3.5046	-0.111	0.065	-0.053	-0.153	-0.214	-0.266	-0.343	-0.383	-0.394	3.29206753	1
	0.019580	8.7993	2.53889251	2.5389	1.9745	3.9259	3.5238	-0.166	-0.014	-0.116	-0.191	-0.235	-0.274	-0.333	-0.363	-0.371	3.29208040	1
	0.019580	8.7993	2.53913903	2.5391	1.9979	3.9355	3.5389	-0.225	-0.093	-0.175	-0.227	-0.259	-0.287	-0.330	-0.352	-0.358	3.29208803	1
	0.019580	8.7993	2.53930998	2.5393	2.0157	3.9430	3.5510	-0.269	-0.152	-0.214	-0.251	-0.274	-0.294	-0.326	-0.342	-0.346	3.29209352	1
	0.019580	8.7993	2.53935814	2.5394	2.0203	3.9450	3.5545	-0.281	-0.167	-0.224	-0.256	-0.278	-0.295	-0.324	-0.339	-0.343	3.29209495	2
	0.019580	8.7993	2.53945565	2.5395	1.9882	3.9385	3.5606	-0.200	-0.074	-0.148	-0.195	-0.224	-0.248	-0.287	-0.306	-0.312	3.29209805	2
	0.019580	8.7993	2.53951859	2.5395	1.9626	3.9304	3.5538	-0.136	0.007	-0.086	-0.152	-0.190	-0.224	-0.275	-0.301	-0.308	3.29209995	2
	0.019580	8.7993	2.53957939	2.5396	1.9478	3.9217	3.5339	-0.100	0.063	-0.046	-0.132	-0.183	-0.227	-0.293	-0.327	-0.337	3.29210186	2
	0.019580	8.7993	2.53966260	2.5397	1.9433	3.9106	3.4941	-0.088	0.099	-0.024	-0.138	-0.207	-0.266	-0.351	-0.397	-0.408	3.29210448	2
	0.019580	8.7993	2.53975916	2.5398	1.9501	3.8996	3.4430	-0.105	0.105	-0.023	-0.168	-0.256	-0.332	-0.437	-0.496	-0.509	3.29210758	2
	0.019580	8.7993	2.53987074	2.5399	1.9588	3.8883	3.3891	-0.127	0.108	-0.018	-0.198	-0.309	-0.402	-0.527	-0.601	-0.616	3.29211092	2
	0.019580	8.7993	2.53999543	2.5400	1.9644	3.8768	3.3378	-0.141	0.123	0.002	-0.215	-0.349	-0.462	-0.609	-0.700	-0.717	3.29211497	2
	0.019580	8.7993	2.54013157	2.5401	1.9665	3.8652	3.2893	-0.146	0.150	0.035	-0.220	-0.378	-0.512	-0.682	-0.792	-0.810	3.29211926	2
	0.019580	8.7993	2.54027796	2.5403	1.9659	3.8535	3.2430	-0.145	0.188	0.078	-0.214	-0.397	-0.552	-0.748	-0.877	-0.897	3.29212379	2
	0.019580	8.7993	2.54043269	2.5404	1.9632	3.8417	3.1984	-0.138	0.239	0.131	-0.200	-0.408	-0.585	-0.806	-0.957	-0.979	3.29212856	2
	0.019580	8.7993	2.54059362	2.5406	1.9587	3.8297	3.1552	-0.127	0.300	0.193	-0.179	-0.413	-0.611	-0.859	-1.033	-1.057	3.29213357	2
	0.019580	8.7993	2.54076028	2.5408	1.9524	3.8177	3.1134	-0.111	0.380	0.266	-0.152	-0.410	-0.630	-0.906	-1.104	-1.130	3.29213881	2
	0.019580	8.7993	2.54094028	2.5409	1.9441	3.8052	3.0715	-0.090	0.478	0.352	-0.116	-0.401	-0.643	-0.950	-1.174	-1.203	3.29214454	2
	0.019580	8.7993	2.54114199	2.5411	1.9327	3.7919	3.0299	-0.062	0.617	0.463	-0.067	-0.385	-0.651	-0.991	-1.243	-1.276	3.29215074	2
	0.019580	8.7993	2.54138994	2.5414	1.9155	3.7775	2.9897	-0.019	0.815	0.611	0.003	-0.355	-0.650	-1.026	-1.309	-1.348	3.29215860	2
	0.019580	8.7993	2.54168868	2.5417	1.8886	3.7637	2.9613	0.049	1.021	0.769	0.103	-0.288	-0.608	-1.024	-1.341	-1.384	3.29216790	2
	0.019580	8.7993	2.54193687	2.5419	1.8611	3.7535	2.9483	0.117	1.195	0.906	0.197	-0.216	-0.554	-0.999	-1.342	-1.387	3.29217553	2
	0.019580	8.7993	2.54218554	2.5422	1.8278	3.7442	2.9442	0.201	1.386	1.053	0.307	-0.127	-0.482	-0.955	-1.322	-1.369	3.29218340	2
	0.019580	8.7993	2.54240656	2.5424	1.7940	3.7365	2.9471	0.285	1.570	1.192	0.415	-0.038	-0.405	-0.901	-1.290	-1.339	3.29219031	2
	0.019580	8.7993	2.54267788	2.5427	1.7524	3.7276	2.9531	0.389	1.801	1.363	0.548	0.074	-0.308	-0.832	-1.245	-1.296	3.29219866	2
	0.019580	8.7993	2.54294705	2.5429	1.7210	3.7192	2.9509	0.467	2.010	1.509	0.657	0.162	-0.234	-0.786	-1.222	-1.276	3.29220700	2
	0.019580	8.7993	2.54321599	2.5432	1.7027	3.7111	2.9371	0.513	2.190	1.622	0.735	0.219	-0.192	-0.771	-1.228	-1.286	3.29221559	3
	0.019580	8.7993	2.54339814	2.5434	1.7136	3.7063	2.9071	0.486	2.247	1.636	0.728	0.200	-0.220	-0.815	-1.286	-1.345	3.29222107	3
	0.019580	8.7993	2.54370141	2.5437	1.7430	3.6990	2.8484	0.412	2.305	1.628	0.687	0.139	-0.294	-0.915	-1.406	-1.468	3.29223061	3
	0.019580	8.7993	2.54394388	2.5439	1.7772	3.6941	2.7947	0.327	2.311	1.588	0.625	0.064	-0.378	-1.017	-1.522	-1.587	3.29223824	3
	0.019580	8.7993	2.54418588	2.5442	1.8136	3.6899	2.7417	0.236	2.299	1.536	0.554	-0.018	-0.469	-1.122	-1.639	-1.706	3.29224563	3
	0.019580	8.7993	2.54448843	2.5445	1.8584	3.6855	2.6793	0.124	2.274	1.467	0.466	-0.119	-0.578	-1.248	-1.778	-1.847	3.29225516	3
	0.019580	8.7993	2.54479074	2.5448	1.9027	3.6816	2.6192	0.013	2.242	1.396	0.377	-0.219	-0.687	-1.371	-1.913	-1.984	3.29226446	3
	0.019580	8.7993	2.54509258	2.5451	1.9474	3.6778	2.5596	-0.098	2.207	1.323	0.286	-0.320	-0.796	-1.494	-2.047	-2.121	3.29227400	3
	0.019580	8.7993	2.54533386	2.5453	1.9837	3.6749	2.5114	-0.189	2.178	1.263	0.213	-0.402	-0.884	-1.594	-2.156	-2.232	3.29228139	3
	0.019580	8.7993	2.54551482	2.5455	2.0113	3.6727	2.4751	-0.258	2.162	1.220	0.157	-0.465	-0.952	-1.670	-2.239	-2.315	3.29228711	3
	0.019580	8.7993	2.54557800	2.5456	2.0211	3.6719	2.4623	-0.283	2.157	1.205	0.137	-0.487	-0.976	-1.697	-2.268	-2.345	3.29228902	3
	0.019580	8.7993	2.54583025	2.5458	2.0602	3.6689	2.4114	-0.380	2.137	1.145	0.058	-0.577	-1.073	-1.805	-2.383	-2.462	3.29229689	3
	0.019580	8.7993	2.54589343	2.5459	2.0699	3.6682	2.3987	-0.405	2.132	1.130	0.039	-0.599	-1.096	-1.832	-2.412	-2.491	3.29229879	3
	0.019580	8.7993	2.54607749	2.5461	2.0983	3.6661	2.3621	-0.476	2.117	1.087	-0.018	-0.663	-1.166	-1.909	-2.495	-2.576	3.29230452	3
	0.019580	8.7993	2.54632306	2.5463	2.1364	3.6634	2.3131	-0.571	2.096	1.027	-0.096	-0.750	-1.260	-2.013	-2.607	-2.689	3.29231215	3
	0.019580	8.7993	2.54656816	2.5466	2.1750	3.6607	2.2636	-0.668	2.073	0.967	-0.174	-0.838	-1.354	-2.118	-2.719	-2.804	3.29231977	3
	0.019580	8.7993	2.54681110	2.5468	2.2140	3.6578	2.2132	-0.765	2.056	0.909	-0.251	-0.925	-1.449	-2.224	-2.833	-2.920	3.29232740	3
	0.019580	8.7993	2.54704881	2.5470	2.2530	3.6550	2.1631	-0.862	2.039	0.851	-0.328	-1.012	-1.544	-2.330	-2.947	-3.035	3.29233479	3
	0.019580	8.7993	2.54728174	2.5473	2.2921	3.6522	2.1126	-0.960	2.024	0.793	-0.405	-1.099	-1.638	-2.436	-3.061	-3.151	3.29234195	3
	0.019580	8.7993	2.54750919	2.5475	2.3310	3.6492	2.0621	-1.057	2.011	0.737	-0.480	-1.185	-1.732	-2.541	-3.175	-3.268	3.29234910	3
	0.019580	8.7993	2.54773188	2.5477	2.3699	3.6463	2.0114	-1.155	2.002	0.684	-0.553	-1.270	-1.826	-2.647	-3.289	-3.384	3.29235601	3
	0.019580	8.7993	2.54795003	2.5480	2.4088	3.6433	1.9605	-1.252	2.003	0.633	-0.625	-1.355	-1.920	-2.752	-3.403	-3.500	3.29236269	3
	0.019580	8.7993	2.54815555	2.5482	2.4459	3.6404	1.9120	-1.345	2.007	0.586	-0.694	-1.436	-2.009	-2.853	-3.511	-3.611	3.29236913	3
	0.019580	8.7993	2.54837728	2.5484	2.4864	3.6373	1.8589	-1.446	2.012	0.536	-0.767	-1.522	-2.106	-2.963	-3.629	-3.732	3.29237604	3
	0.019580	8.7993	2.54860425	2.5486	2.5285	3.6339	1.8034	-1.551	2.020	0.486	-0.841	-1.610	-2.206	-3.077	-3.753	-3.858	3.29238296	3
	0.019580	8.7993	2.54880118	2.5488	2.5645	3.6310	1.7559	-1.641	2.028	0.443	-0.905	-1.686	-2.292	-3.174	-3.858	-3.966	3.29238915	3
	0.019580	8.7993	2.54902840	2.5490	2.6008	3.6282	1.7084	-1.732	2.034	0.400	-0.969	-1.761	-2.378	-3.272	-3.963	-4.074	3.29239607	3
	0.019580	8.7993	2.54910421	2.5491	2.6114	3.6274	1.6945	-1.759	2.035	0.388	-0.987	-1.783	-2.403	-3.301	-3.994	-4.105	3.29239845	4
	0.019580	8.7993	2.54925346	2.5493	2.5832	3.6296	1.7316	-1.688	2.030	0.420	-0.939	-1.726	-2.336	-3.225	-3.912	-4.021	3.29240298	4
	0.019580	8.7993	2.54937172	2.5494	2.5589	3.6316	1.7638	-1.627	2.024	0.449	-0.896	-1.675	-2.279	-3.159	-3.841	-3.949	3.29240680	4
	0.019580	8.7993	2.54955649	2.5496	2.5247	3.6343	1.8092	-1.542	2.016	0.489	-0.836	-1.603	-2.198	-3.066	-3.741	-3.846	3.29241252	4
	0.019580	8.7993	2.54980230	2.5498	2.4858	3.6375	1.8609	-1.445	2.005	0.533	-0.768	-1.522	-2.105	-2.961	-3.626	-3.729	3.29242015	4
	0.019580	8.7993	2.55002785	2.5500	2.4531	3.6402	1.9042	-1.363	1.998	0.572	-0.710	-1.453	-2.027	-2.871	-3.530	-3.631	3.29242706	4
	0.019580	8.7993	2.55034208	2.5503	2.4105	3.6436	1.9606	-1.256	1.990	0.625	-0.632	-1.361	-1.925	-2.756	-3.405	-3.502	3.29243684	4
	0.019580	8.7993	2.55070376	2.5507	2.3636	3.6474	2.0226	-1.139	1.987	0.684	-0.547	-1.259	-1.812	-2.628	-3.267	-3.361	3.29244804	4
	0.019580	8.7993	2.55101633	2.5510	2.3223	3.6507	2.0770	-1.036	1.993	0.739	-0.470	-1.169	-1.713	-2.516	-3.146	-3.237	3.29245758	4
	0.019580	8.7993	2.55132532	2.5513	2.2797	3.6540	2.1331	-0.929	2.003	0.799	-0.388	-1.076	-1.610	-2.400	-3.020	-3.108	3.29246712	4
	0.019580	8.7993	2.55162787	2.5516	2.2377	3.6573	2.1885	-0.824	2.015	0.858	-0.307	-0.983	-1.508	-2.285	-2.895	-2.982	3.29247665	4
	0.019580	8.7993	2.55193162	2.5519	2.1967	3.6605	2.2424	-0.722	2.027	0.917	-0.228	-0.892	-1.408	-2.173	-2.774	-2.858	3.29248595	4
	0.019580	8.7993	2.55224895	2.5522	2.1563	3.6637	2.2954	-0.621	2.043	0.976	-0.148	-0.801	-1.310	-2.062	-2.655	-2.737	3.29249573	4
	0.019580	8.7993	2.55259275	2.5526	2.1164	3.6669	2.3480	-0.521	2.058	1.035	-0.069	-0.711	-1.212	-1.953	-2.536	-2.616	3.29250646	4
	0.019580	8.7993	2.55307341	2.5531	2.0668	3.6707	2.4132	-0.397	2.080	1.108	0.030	-0.599	-1.091	-1.816	-2.389	-2.467	3.29252124	4
	0.019580	8.7993	2.55363512	2.5536	2.0189	3.6745	2.4763	-0.277	2.103	1.181	0.127	-0.489	-0.972	-1.684	-2.246	-2.322	3.29253840	4
	0.019580	8.7993	2.55432010	2.5543	1.9720	3.6783	2.5383	-0.160	2.135	1.256	0.221	-0.383	-0.858	-1.555	-2.106	-2.180	3.29255962	4
	0.019580	8.7993	2.55519533	2.5552	1.9266	3.6821	2.5991	-0.047	2.171	1.331	0.314	-0.280	-0.747	-1.429	-1.970	-2.041	3.29258657	4
	0.019580	8.7993	2.55628133	2.5563	1.8866	3.6856	2.6535	0.054	2.202	1.396	0.395	-0.189	-0.649	-1.318	-1.848	-1.917	3.29261994	4
	0.019580	8.7993	2.55781603	2.5578	1.8495	3.6892	2.7054	0.146	2.222	1.453	0.468	-0.106	-0.558	-1.214	-1.733	-1.800	3.29266715	4
	0.019580	8.7993	2.56120205	2.5612	1.8109	3.6940	2.7637	0.243	2.228	1.504	0.541	-0.020	-0.462	-1.101	-1.607	-1.671	3.29277086	5
	0.019580	8.7993	2.59106874	2.5911	1.8519	3.6936	2.7258	0.140	2.133	1.406	0.440	-0.121	-0.565	-1.205	-1.712	-1.777	3.29367137	5
	0.019580	8.7993	2.59999990	2.6000	1.8639	3.6935	2.7152	0.110	2.104	1.376	0.410	-0.151	-0.595	-1.236	-1.742	-1.807	3.29393530	5
	0.019580	8.7993	2.62354660	2.6235	1.8973	3.6934	2.6852	0.027	2.022	1.295	0.327	-0.234	-0.678	-1.320	-1.826	-1.891	3.29462028	5
	0.019580	8.7993	2.65139270	2.6514	1.9401	3.6928	2.6446	-0.080	1.926	1.193	0.223	-0.340	-0.785	-1.429	-1.937	-2.002	3.29540992	5
	0.019580	8.7993	2.67644000	2.6764	1.9802	3.6916	2.6038	-0.180	1.847	1.104	0.128	-0.437	-0.885	-1.533	-2.045	-2.111	3.29610181	5
	0.019580	8.7993	2.69609189	2.6961	2.0126	3.6901	2.5684	-0.261	1.794	1.037	0.054	-0.515	-0.965	-1.619	-2.135	-2.202	3.29663301	6
	0.019580	8.7993	2.70479941	2.7048	2.0284	3.6888	2.5490	-0.301	1.779	1.010	0.021	-0.551	-1.004	-1.663	-2.182	-2.250	3.29686522	6
	0.019580	8.7993	2.72382450	2.7238	2.0731	3.6843	2.4893	-0.413	1.759	0.943	-0.067	-0.652	-1.114	-1.789	-2.321	-2.392	3.29736590	6
	0.019580	8.7993	2.73118377	2.7312	2.1083	3.6801	2.4384	-0.501	1.768	0.902	-0.132	-0.730	-1.201	-1.891	-2.435	-2.508	3.29755712	6
	0.019580	8.7993	2.73314095	2.7331	2.1482	3.6753	2.3798	-0.601	1.784	0.858	-0.203	-0.817	-1.298	-2.007	-2.564	-2.640	3.29760766	6
	0.019580	8.7993	2.73390603	2.7339	2.1910	3.6709	2.3194	-0.708	1.787	0.805	-0.283	-0.911	-1.403	-2.128	-2.698	-2.776	3.29762745	6
	0.019580	8.7993	2.73420787	2.7342	2.2332	3.6669	2.2612	-0.813	1.786	0.751	-0.362	-1.004	-1.506	-2.246	-2.827	-2.908	3.29763532	6
	0.019580	8.7993	2.73433948	2.7343	2.2726	3.6633	2.2074	-0.911	1.783	0.699	-0.437	-1.091	-1.601	-2.356	-2.947	-3.030	3.29763865	6
	0.019580	8.7993	2.73437691	2.7344	2.2897	3.6618	2.1843	-0.954	1.779	0.676	-0.470	-1.129	-1.643	-2.404	-2.999	-3.083	3.29763961	7
	0.019580	8.7993	2.73440742	2.7344	2.3088	3.6601	2.1585	-1.002	1.776	0.650	-0.507	-1.172	-1.689	-2.457	-3.056	-3.141	3.29764032	7
	0.019580	8.7993	2.73446679	2.7345	2.3485	3.6568	2.1054	-1.101	1.771	0.596	-0.581	-1.259	-1.785	-2.566	-3.175	-3.262	3.29764199	7
	0.019580	8.7993	2.73452044	2.7345	2.3774	3.6543	2.0668	-1.173	1.768	0.558	-0.635	-1.321	-1.855	-2.645	-3.262	-3.350	3.29764342	7
	0.019580	8.7993	2.73459530	2.7346	2.4117	3.6514	2.0207	-1.259	1.765	0.513	-0.700	-1.396	-1.938	-2.739	-3.364	-3.455	3.29764533	7
	0.019580	8.7993	2.73475051	2.7348	2.3838	3.6538	2.0584	-1.190	1.766	0.549	-0.648	-1.336	-1.871	-2.662	-3.280	-3.370	3.29764938	7
	0.019580	8.7993	2.73493409	2.7349	2.3591	3.6560	2.0918	-1.128	1.767	0.581	-0.602	-1.282	-1.811	-2.594	-3.206	-3.294	3.29765391	7
	0.019580	8.7993	2.73672724	2.7367	2.3370	3.6578	2.1214	-1.072	1.771	0.611	-0.560	-1.233	-1.758	-2.534	-3.140	-3.227	3.29770017	7
	0.019580	8.7993	2.73795485	2.7380	2.3683	3.6551	2.0793	-1.151	1.770	0.570	-0.618	-1.302	-1.833	-2.620	-3.235	-3.323	3.29773188	7
	0.019580	8.7993	2.73894691	2.7389	2.4113	3.6514	2.0219	-1.258	1.765	0.513	-0.699	-1.395	-1.937	-2.738	-3.363	-3.454	3.29775739	7
	0.019580	8.7993	2.73983383	2.7398	2.4546	3.6478	1.9644	-1.366	1.769	0.459	-0.778	-1.489	-2.041	-2.856	-3.492	-3.585	3.29778004	7
	0.019580	8.7993	2.74059820	2.7406	2.4969	3.6443	1.9081	-1.472	1.780	0.408	-0.855	-1.581	-2.143	-2.972	-3.617	-3.714	3.29779983	7
	0.019580	8.7993	2.74126625	2.7413	2.5394	3.6407	1.8512	-1.578	1.793	0.358	-0.931	-1.672	-2.244	-3.088	-3.742	-3.843	3.29781699	7
	0.019580	8.7993	2.74185371	2.7419	2.5823	3.6371	1.7942	-1.686	1.805	0.308	-1.006	-1.762	-2.346	-3.205	-3.869	-3.972	3.29783201	7
	0.019580	8.7993	2.74237633	2.7424	2.6259	3.6335	1.7362	-1.795	1.818	0.258	-1.082	-1.853	-2.450	-3.323	-3.997	-4.104	3.29784536	7
	0.019580	8.7993	2.74283266	2.7428	2.6689	3.6298	1.6786	-1.902	1.833	0.211	-1.156	-1.943	-2.552	-3.440	-4.124	-4.234	3.29785705	7
	0.019580	8.7993	2.74323630	2.7432	2.7113	3.6263	1.6220	-2.008	1.848	0.165	-1.227	-2.028	-2.652	-3.554	-4.248	-4.361	3.29786730	7
	0.019580	8.7993	2.74360371	2.7436	2.7541	3.6227	1.5651	-2.115	1.862	0.119	-1.299	-2.115	-2.752	-3.669	-4.373	-4.490	3.29787683	7
	0.019580	8.7993	2.74394107	2.7439	2.7970	3.6190	1.5074	-2.223	1.879	0.076	-1.369	-2.200	-2.853	-3.785	-4.499	-4.619	3.29788542	7
	0.019580	8.7993	2.74425340	2.7443	2.8403	3.6153	1.4494	-2.331	1.886	0.028	-1.436	-2.281	-2.953	-3.901	-4.625	-4.751	3.29789329	7
	0.019580	8.7993	2.74454308	2.7445	2.8840	3.6116	1.3909	-2.440	1.892	-0.022	-1.505	-2.363	-3.055	-4.019	-4.753	-4.883	3.29790092	7
	0.019580	8.7993	2.74481392	2.7448	2.9282	3.6077	1.3313	-2.550	1.898	-0.069	-1.570	-2.440	-3.157	-4.138	-4.882	-5.017	3.29790783	7
	0.019580	8.7993	2.74506760	2.7451	2.9728	3.6038	1.2711	-2.662	1.902	-0.116	-1.634	-2.516	-3.259	-4.258	-5.013	-5.153	3.29791427	7
	0.019580	8.7993	2.74530888	2.7453	3.0184	3.5999	1.2097	-2.776	1.907	-0.165	-1.699	-2.594	-3.364	-4.380	-5.146	-5.291	3.29792047	7
	0.019580	8.7993	2.74554229	2.7455	3.0650	3.5957	1.1463	-2.892	1.910	-0.209	-1.757	-2.660	-3.471	-4.506	-5.283	-5.434	3.29792643	7
	0.019580	8.7993	2.74577260	2.7458	3.1131	3.5912	1.0804	-3.013	1.918	-0.253	-1.816	-2.729	-3.580	-4.635	-5.425	-5.582	3.29793215	7
	0.019580	8.7993	2.74594784	2.7459	3.1531	3.5874	1.0254	-3.113	1.923	-0.286	-1.856	-2.776	-3.671	-4.744	-5.543	-5.706	3.29793668	7
	0.019580	8.7993	2.74722528	2.7472	3.6750	3.5320	0.2818	-4.417	2.402	-0.060	-1.661	-2.948	-4.667	-6.180	-7.038	-7.315	3.29796934	8
