#      Z	log(age/yr)	M_ini   	M_act	logL/Lo	logTe	logG	mbol    U       B       V       R       I       J       H       K	int_IMF	stage
	0.019100	9.2553	0.09000000	0.0900	-3.4323	3.3558	5.1999	13.351	26.035	22.396	20.338	17.451	14.725	11.145	10.557	10.219	1.46765435	0
	0.019100	9.2553	0.10000000	0.1000	-3.2609	3.3795	5.1690	12.922	24.176	21.004	19.052	16.473	13.951	10.773	10.184	9.845	1.57040203	0
	0.019100	9.2553	0.10557218	0.1056	-3.1865	3.3889	5.1558	12.736	23.422	20.434	18.524	16.067	13.627	10.609	10.019	9.681	1.62335670	1
	0.019100	9.2553	0.12000000	0.1200	-3.0089	3.4113	5.1235	12.292	21.637	19.083	17.269	15.100	12.854	10.218	9.627	9.290	1.74782515	1
	0.019100	9.2553	0.14000000	0.1400	-2.8222	3.4330	5.0905	11.825	19.910	17.754	16.032	14.136	12.073	9.802	9.209	8.877	1.89584959	1
	0.019100	9.2553	0.16000000	0.1600	-2.6786	3.4474	5.0625	11.467	18.845	16.892	15.235	13.491	11.539	9.476	8.881	8.555	2.02115250	1
	0.019100	9.2553	0.20000000	0.2000	-2.4643	3.4662	5.0201	10.931	17.476	15.756	14.160	12.600	10.807	8.984	8.386	8.073	2.22178221	1
	0.019100	9.2553	0.25000000	0.2500	-2.2619	3.4826	4.9802	10.425	16.354	14.794	13.243	11.821	10.164	8.516	7.915	7.616	2.40809011	1
	0.019100	9.2553	0.30000001	0.3000	-2.1028	3.4947	4.9487	10.027	15.571	14.100	12.575	11.238	9.683	8.148	7.541	7.255	2.54750419	1
	0.019100	9.2553	0.33125213	0.3313	-1.9989	3.5003	4.9104	9.767	15.137	13.712	12.207	10.907	9.392	7.901	7.291	7.011	2.61806083	1
	0.019100	9.2553	0.34999999	0.3500	-1.9457	3.5039	4.8953	9.634	14.910	13.505	12.010	10.731	9.241	7.776	7.164	6.888	2.65552020	0
	0.019100	9.2553	0.40000001	0.4000	-1.8020	3.5152	4.8547	9.275	14.276	12.923	11.457	10.240	8.828	7.444	6.823	6.559	2.74133730	0
	0.019100	9.2553	0.44999999	0.4500	-1.6554	3.5273	4.8079	8.908	13.661	12.344	10.906	9.748	8.413	7.107	6.474	6.224	2.81098008	0
	0.019100	9.2553	0.50000000	0.5000	-1.5051	3.5410	4.7579	8.533	13.060	11.759	10.350	9.249	7.992	6.765	6.118	5.882	2.86847806	0
	0.019100	9.2553	0.50429732	0.5043	-1.4911	3.5425	4.7536	8.498	13.004	11.702	10.296	9.200	7.952	6.733	6.085	5.851	2.87295890	1
	0.019100	9.2553	0.55000001	0.5500	-1.3481	3.5583	4.7118	8.140	12.441	11.127	9.738	8.698	7.551	6.418	5.755	5.537	2.91663504	1
	0.019100	9.2553	0.60000002	0.6000	-1.1886	3.5802	4.6775	7.742	11.806	10.449	9.074	8.096	7.105	6.080	5.399	5.208	2.95739889	1
	0.019100	9.2553	0.64999998	0.6500	-1.0281	3.6065	4.6572	7.340	11.150	9.737	8.407	7.490	6.668	5.745	5.053	4.903	2.99236870	1
	0.019100	9.2553	0.69999999	0.7000	-0.8731	3.6346	4.6465	6.953	10.421	9.004	7.762	6.916	6.257	5.425	4.752	4.643	3.02253795	1
	0.019100	9.2553	0.71084636	0.7108	-0.8393	3.6415	4.6469	6.868	10.219	8.828	7.615	6.789	6.169	5.359	4.697	4.595	3.02853894	1
	0.019100	9.2553	0.75000000	0.7500	-0.7214	3.6654	4.6479	6.573	9.404	8.215	7.113	6.375	5.858	5.134	4.536	4.453	3.04879928	1
	0.019100	9.2553	0.80000001	0.8000	-0.5892	3.6853	4.6235	6.243	8.618	7.643	6.635	5.981	5.518	4.865	4.333	4.260	3.07187057	1
	0.019100	9.2553	0.84688145	0.8468	-0.4697	3.7032	4.6001	5.944	7.949	7.160	6.231	5.644	5.220	4.627	4.148	4.083	3.09102535	1
	0.019100	9.2553	0.88583428	0.8858	-0.3746	3.7173	4.5813	5.707	7.442	6.795	5.924	5.385	4.987	4.441	4.002	3.942	3.10536242	1
	0.019100	9.2553	0.93583429	0.9358	-0.2560	3.7340	4.5530	5.410	6.855	6.367	5.561	5.071	4.702	4.208	3.813	3.760	3.12197518	1
	0.019100	9.2553	0.96067542	0.9606	-0.1984	3.7415	4.5371	5.266	6.586	6.165	5.391	4.923	4.566	4.095	3.719	3.669	3.12957025	1
	0.019100	9.2553	0.98583424	0.9858	-0.1412	3.7490	4.5209	5.123	6.328	5.970	5.226	4.777	4.433	3.983	3.625	3.578	3.13686323	1
	0.019100	9.2553	0.98643225	0.9864	-0.1398	3.7491	4.5204	5.120	6.322	5.965	5.222	4.774	4.429	3.980	3.623	3.576	3.13703179	1
	0.019100	9.2553	1.02735972	1.0273	-0.0483	3.7602	4.4907	4.891	5.940	5.666	4.966	4.544	4.216	3.797	3.466	3.422	3.14808941	1
	0.019100	9.2553	1.03583431	1.0357	-0.0297	3.7624	4.4845	4.844	5.866	5.606	4.915	4.498	4.173	3.761	3.434	3.391	3.15026188	1
	0.019100	9.2553	1.04958403	1.0495	0.0002	3.7657	4.4734	4.769	5.750	5.511	4.833	4.424	4.104	3.701	3.382	3.340	3.15370607	1
	0.019100	9.2553	1.08961761	1.0895	0.0858	3.7749	4.4410	4.555	5.419	5.239	4.600	4.214	3.909	3.531	3.232	3.194	3.16320086	1
	0.019100	9.2553	1.12166858	1.1215	0.1527	3.7819	4.4149	4.388	5.160	5.026	4.420	4.054	3.761	3.401	3.117	3.082	3.17027593	1
	0.019100	9.2553	1.17166865	1.1715	0.2567	3.7919	4.3697	4.128	4.758	4.702	4.149	3.815	3.539	3.201	2.932	2.906	3.18048120	1
	0.019100	9.2553	1.19241357	1.1922	0.2984	3.7958	4.3512	4.024	4.609	4.575	4.040	3.717	3.447	3.118	2.857	2.832	3.18444467	1
	0.019100	9.2553	1.21959782	1.2194	0.3518	3.8006	4.3265	3.890	4.424	4.413	3.901	3.591	3.329	3.011	2.758	2.736	3.18941832	1
	0.019100	9.2553	1.22166848	1.2215	0.3559	3.8009	4.3246	3.880	4.411	4.402	3.891	3.581	3.320	3.003	2.751	2.728	3.18978739	1
	0.019100	9.2553	1.27166855	1.2715	0.4498	3.8084	4.2780	3.645	4.126	4.129	3.648	3.353	3.104	2.805	2.569	2.548	3.19830441	1
	0.019100	9.2553	1.35750282	1.3573	0.5964	3.8184	4.1998	3.279	3.704	3.714	3.272	2.998	2.765	2.490	2.274	2.255	3.21129370	1
	0.019100	9.2553	1.40750277	1.4073	0.6782	3.8227	4.1511	3.074	3.478	3.488	3.062	2.798	2.572	2.307	2.102	2.083	3.21803617	1
	0.019100	9.2553	1.43589568	1.4357	0.7236	3.8248	4.1225	2.961	3.356	3.364	2.947	2.686	2.465	2.205	2.003	1.984	3.22162843	1
	0.019100	9.2553	1.45750284	1.4573	0.7577	3.8259	4.0995	2.876	3.267	3.273	2.860	2.602	2.382	2.125	1.926	1.908	3.22425604	1
	0.019100	9.2553	1.47083926	1.4706	0.7780	3.8264	4.0849	2.825	3.214	3.219	2.808	2.551	2.333	2.077	1.879	1.860	3.22583413	1
	0.019100	9.2553	1.50750279	1.5073	0.8334	3.8268	4.0419	2.686	3.076	3.076	2.668	2.413	2.195	1.940	1.744	1.725	3.23000956	1
	0.019100	9.2553	1.50888360	1.5087	0.8354	3.8268	4.0404	2.681	3.071	3.071	2.663	2.408	2.190	1.935	1.739	1.720	3.23016238	1
	0.019100	9.2553	1.53691375	1.5367	0.8762	3.8270	4.0082	2.579	2.970	2.966	2.560	2.305	2.089	1.834	1.639	1.620	3.23319602	1
	0.019100	9.2553	1.56188822	1.5617	0.9122	3.8263	3.9765	2.489	2.885	2.878	2.470	2.214	1.997	1.741	1.545	1.525	3.23579526	1
	0.019100	9.2553	1.58541358	1.5852	0.9457	3.8248	3.9437	2.406	2.810	2.798	2.386	2.128	1.909	1.649	1.451	1.431	3.23815870	1
	0.019100	9.2553	1.59333706	1.5932	0.9569	3.8242	3.9319	2.378	2.786	2.772	2.358	2.099	1.879	1.618	1.418	1.398	3.23893666	1
	0.019100	9.2553	1.59741271	1.5973	0.9631	3.8239	3.9257	2.362	2.772	2.758	2.343	2.083	1.863	1.601	1.401	1.381	3.23933339	1
	0.019100	9.2553	1.62494206	1.6248	1.0045	3.8211	3.8806	2.259	2.685	2.664	2.240	1.976	1.751	1.483	1.278	1.257	3.24195027	1
	0.019100	9.2553	1.62541986	1.6253	1.0052	3.8210	3.8797	2.257	2.684	2.663	2.238	1.974	1.750	1.481	1.276	1.255	3.24199462	1
	0.019100	9.2553	1.63767815	1.6376	1.0228	3.8189	3.8570	2.213	2.652	2.627	2.196	1.928	1.700	1.426	1.217	1.196	3.24312544	1
	0.019100	9.2553	1.65516591	1.6551	1.0473	3.8154	3.8232	2.152	2.612	2.580	2.137	1.862	1.629	1.347	1.131	1.109	3.24470448	1
	0.019100	9.2553	1.65750277	1.6574	1.0505	3.8149	3.8184	2.144	2.607	2.575	2.129	1.854	1.620	1.336	1.119	1.097	3.24491239	1
	0.019100	9.2553	1.67336929	1.6733	1.0716	3.8111	3.7863	2.091	2.577	2.538	2.079	1.797	1.556	1.264	1.040	1.017	3.24630618	1
	0.019100	9.2553	1.68958569	1.6895	1.0921	3.8064	3.7513	2.040	2.557	2.508	2.032	1.741	1.493	1.189	0.956	0.931	3.24769855	1
	0.019100	9.2553	1.69045496	1.6904	1.0932	3.8062	3.7495	2.037	2.556	2.507	2.030	1.738	1.490	1.185	0.951	0.927	3.24777222	1
	0.019100	9.2553	1.70793962	1.7079	1.1144	3.8014	3.7136	1.984	2.537	2.477	1.982	1.680	1.424	1.108	0.865	0.839	3.24923658	1
	0.019100	9.2553	1.72471952	1.7247	1.1344	3.7963	3.6774	1.934	2.537	2.455	1.937	1.623	1.359	1.030	0.778	0.750	3.25060868	1
	0.019100	9.2553	1.73958564	1.7395	1.1542	3.7917	3.6432	1.885	2.535	2.433	1.893	1.568	1.296	0.956	0.695	0.665	3.25179815	1
	0.019100	9.2553	1.74208832	1.7421	1.1576	3.7909	3.6371	1.876	2.536	2.430	1.886	1.558	1.285	0.943	0.681	0.650	3.25199580	1
	0.019100	9.2553	1.74963450	1.7496	1.1729	3.7896	3.6185	1.838	2.512	2.399	1.849	1.518	1.242	0.898	0.633	0.602	3.25258827	1
	0.019100	9.2553	1.75620687	1.7562	1.2111	3.7944	3.6011	1.742	2.367	2.272	1.747	1.429	1.162	0.828	0.573	0.544	3.25309944	1
	0.019100	9.2553	1.75807548	1.7581	1.2503	3.8028	3.5958	1.644	2.194	2.124	1.637	1.340	1.088	0.775	0.536	0.510	3.25324392	1
	0.019100	9.2553	1.75864375	1.7586	1.2886	3.8116	3.5929	1.548	2.042	1.983	1.531	1.252	1.015	0.723	0.504	0.479	3.25328779	1
	0.019100	9.2553	1.75888562	1.7589	1.3254	3.8205	3.5916	1.456	1.902	1.848	1.429	1.169	0.947	0.677	0.476	0.453	3.25330639	1
	0.019100	9.2553	1.75899529	1.7590	1.3441	3.8256	3.5935	1.410	1.830	1.778	1.378	1.128	0.915	0.657	0.466	0.444	3.25331497	2
	0.019100	9.2553	1.75903440	1.7590	1.3264	3.8230	3.6007	1.454	1.887	1.835	1.425	1.169	0.952	0.687	0.491	0.469	3.25331783	2
	0.019100	9.2553	1.75908720	1.7591	1.3005	3.8180	3.6070	1.519	1.976	1.923	1.495	1.229	1.003	0.727	0.520	0.497	3.25332189	2
	0.019100	9.2553	1.75918555	1.7592	1.2780	3.8074	3.5869	1.575	2.095	2.030	1.562	1.275	1.030	0.729	0.500	0.475	3.25332952	2
	0.019100	9.2553	1.75935721	1.7593	1.2815	3.7951	3.5342	1.566	2.187	2.089	1.568	1.253	0.988	0.656	0.403	0.374	3.25334287	2
	0.019100	9.2553	1.75965583	1.7596	1.2833	3.7823	3.4814	1.562	2.330	2.169	1.582	1.231	0.942	0.580	0.303	0.267	3.25336576	2
	0.019100	9.2553	1.76010907	1.7601	1.2680	3.7696	3.4458	1.600	2.498	2.293	1.647	1.264	0.952	0.554	0.246	0.205	3.25340080	2
	0.019100	9.2553	1.76059914	1.7606	1.2411	3.7589	3.4303	1.667	2.675	2.425	1.739	1.332	1.003	0.575	0.242	0.199	3.25343847	2
	0.019100	9.2553	1.76099038	1.7610	1.2140	3.7512	3.4265	1.735	2.830	2.542	1.825	1.403	1.060	0.611	0.259	0.213	3.25346851	2
	0.019100	9.2553	1.76138103	1.7614	1.1829	3.7437	3.4276	1.813	3.003	2.671	1.924	1.484	1.130	0.657	0.285	0.238	3.25349855	2
	0.019100	9.2553	1.76177073	1.7618	1.1509	3.7363	3.4301	1.893	3.183	2.802	2.026	1.569	1.202	0.707	0.316	0.267	3.25352859	2
	0.019100	9.2553	1.76225686	1.7622	1.1185	3.7274	3.4270	1.974	3.393	2.949	2.137	1.658	1.277	0.754	0.338	0.287	3.25356579	2
	0.019100	9.2553	1.76283872	1.7628	1.1025	3.7176	3.4040	2.014	3.587	3.064	2.213	1.710	1.311	0.756	0.314	0.259	3.25361061	2
	0.019100	9.2553	1.76303232	1.7630	1.1017	3.7145	3.3926	2.016	3.641	3.091	2.228	1.716	1.313	0.747	0.296	0.240	3.25362539	3
	0.019100	9.2553	1.76345778	1.7634	1.1261	3.7091	3.3468	1.955	3.670	3.074	2.188	1.663	1.250	0.666	0.200	0.142	3.25365806	3
	0.019100	9.2553	1.76388168	1.7639	1.1594	3.7043	3.2945	1.872	3.672	3.034	2.127	1.588	1.166	0.566	0.087	0.027	3.25369048	3
	0.019100	9.2553	1.76427507	1.7643	1.1998	3.7006	3.2390	1.771	3.638	2.966	2.042	1.493	1.064	0.451	-0.038	-0.100	3.25372076	3
	0.019100	9.2553	1.76463771	1.7646	1.2417	3.6975	3.1848	1.666	3.591	2.891	1.952	1.395	0.960	0.335	-0.163	-0.226	3.25374842	3
	0.019100	9.2553	1.76497960	1.7650	1.2838	3.6947	3.1318	1.561	3.537	2.812	1.860	1.295	0.855	0.221	-0.285	-0.350	3.25377464	3
	0.019100	9.2553	1.76530981	1.7653	1.3260	3.6921	3.0793	1.455	3.480	2.732	1.767	1.195	0.750	0.106	-0.407	-0.473	3.25379992	3
	0.019100	9.2553	1.76563251	1.7656	1.3682	3.6896	3.0270	1.349	3.421	2.651	1.674	1.095	0.645	-0.008	-0.529	-0.595	3.25382447	3
	0.019100	9.2553	1.76595247	1.7659	1.4105	3.6871	2.9749	1.244	3.365	2.570	1.581	0.996	0.540	-0.122	-0.650	-0.717	3.25384903	3
	0.019100	9.2553	1.76627111	1.7663	1.4521	3.6847	2.9238	1.140	3.308	2.490	1.490	0.898	0.437	-0.234	-0.769	-0.837	3.25387335	3
	0.019100	9.2553	1.76666880	1.7667	1.5035	3.6818	2.8609	1.011	3.237	2.391	1.377	0.777	0.310	-0.371	-0.915	-0.985	3.25390363	3
	0.019100	9.2553	1.76706588	1.7671	1.5553	3.6788	2.7972	0.882	3.168	2.291	1.264	0.656	0.183	-0.510	-1.062	-1.135	3.25393391	3
	0.019100	9.2553	1.76752734	1.7675	1.6164	3.6752	2.7217	0.729	3.091	2.178	1.133	0.514	0.033	-0.674	-1.237	-1.311	3.25396919	3
	0.019100	9.2553	1.76785386	1.7678	1.6603	3.6725	2.6671	0.619	3.038	2.096	1.039	0.413	-0.075	-0.792	-1.363	-1.439	3.25399399	3
	0.019100	9.2553	1.76819730	1.7682	1.7073	3.6696	2.6084	0.502	2.982	2.010	0.939	0.304	-0.190	-0.918	-1.499	-1.576	3.25402021	3
	0.019100	9.2553	1.76858079	1.7686	1.7609	3.6661	2.5412	0.368	2.923	1.915	0.828	0.182	-0.320	-1.062	-1.653	-1.733	3.25404954	3
	0.019100	9.2553	1.76890552	1.7689	1.8078	3.6631	2.4821	0.250	2.879	1.834	0.730	0.075	-0.435	-1.188	-1.788	-1.870	3.25407410	3
	0.019100	9.2553	1.76922047	1.7692	1.8543	3.6600	2.4233	0.134	2.847	1.759	0.634	-0.032	-0.549	-1.314	-1.923	-2.007	3.25409818	3
	0.019100	9.2553	1.76958501	1.7696	1.9080	3.6563	2.3551	-0.000	2.817	1.676	0.527	-0.153	-0.680	-1.459	-2.078	-2.165	3.25412583	3
	0.019100	9.2553	1.76992452	1.7699	1.9574	3.6529	2.2923	-0.123	2.791	1.601	0.429	-0.264	-0.800	-1.593	-2.222	-2.310	3.25415158	3
	0.019100	9.2553	1.77023709	1.7702	2.0025	3.6498	2.2348	-0.236	2.769	1.532	0.339	-0.365	-0.910	-1.715	-2.352	-2.443	3.25417542	3
	0.019100	9.2553	1.77057207	1.7706	2.0467	3.6467	2.1780	-0.347	2.753	1.468	0.254	-0.462	-1.017	-1.834	-2.481	-2.574	3.25420094	3
	0.019100	9.2553	1.77101612	1.7710	2.0824	3.6442	2.1325	-0.436	2.738	1.416	0.186	-0.540	-1.103	-1.930	-2.584	-2.679	3.25423455	3
	0.019100	9.2553	1.77124274	1.7712	2.0651	3.6454	2.1550	-0.393	2.744	1.441	0.218	-0.502	-1.061	-1.883	-2.533	-2.628	3.25425172	3
	0.019100	9.2553	1.77149594	1.7715	2.0121	3.6493	2.2237	-0.260	2.759	1.515	0.319	-0.387	-0.933	-1.740	-2.379	-2.470	3.25427103	3
	0.019100	9.2553	1.77162147	1.7716	1.9687	3.6525	2.2796	-0.152	2.777	1.579	0.404	-0.290	-0.828	-1.623	-2.252	-2.341	3.25428057	3
	0.019100	9.2553	1.77166855	1.7717	1.9492	3.6539	2.3046	-0.103	2.786	1.608	0.442	-0.247	-0.781	-1.570	-2.196	-2.284	3.25428391	3
	0.019100	9.2553	1.77170241	1.7717	1.9362	3.6548	2.3213	-0.070	2.792	1.628	0.468	-0.218	-0.749	-1.535	-2.158	-2.245	3.25428653	3
	0.019100	9.2553	1.77182055	1.7718	1.8880	3.6582	2.3833	0.050	2.814	1.700	0.563	-0.110	-0.632	-1.404	-2.017	-2.102	3.25429559	3
	0.019100	9.2553	1.77192795	1.7719	1.8452	3.6612	2.4381	0.157	2.838	1.766	0.649	-0.013	-0.527	-1.288	-1.892	-1.976	3.25430369	3
	0.019100	9.2553	1.77204239	1.7720	1.8034	3.6641	2.4914	0.261	2.864	1.832	0.734	0.082	-0.425	-1.174	-1.771	-1.852	3.25431228	3
	0.019100	9.2553	1.77219069	1.7722	1.7572	3.6673	2.5506	0.377	2.905	1.910	0.829	0.187	-0.312	-1.049	-1.636	-1.715	3.25432348	3
	0.019100	9.2553	1.77229977	1.7723	1.7354	3.6689	2.5786	0.432	2.927	1.948	0.874	0.237	-0.259	-0.990	-1.573	-1.651	3.25433183	3
	0.019100	9.2553	1.77250600	1.7725	1.7624	3.6670	2.5444	0.364	2.899	1.901	0.818	0.175	-0.325	-1.063	-1.651	-1.730	3.25434756	3
	0.019100	9.2553	1.77282059	1.7728	1.8054	3.6641	2.4897	0.256	2.858	1.827	0.729	0.077	-0.430	-1.179	-1.776	-1.857	3.25437140	3
	0.019100	9.2553	1.77322757	1.7732	1.8476	3.6613	2.4364	0.151	2.830	1.759	0.642	-0.019	-0.533	-1.293	-1.898	-1.981	3.25440216	3
	0.019100	9.2553	1.77364969	1.7736	1.8894	3.6585	2.3835	0.047	2.803	1.693	0.557	-0.114	-0.636	-1.407	-2.019	-2.104	3.25443411	3
	0.019100	9.2553	1.77405906	1.7741	1.9288	3.6558	2.3333	-0.052	2.783	1.633	0.479	-0.203	-0.732	-1.513	-2.133	-2.220	3.25446486	3
	0.019100	9.2553	1.77448928	1.7745	1.9697	3.6530	2.2813	-0.154	2.761	1.570	0.397	-0.295	-0.831	-1.624	-2.252	-2.340	3.25449753	3
	0.019100	9.2553	1.77490687	1.7749	2.0095	3.6502	2.2306	-0.254	2.742	1.509	0.318	-0.384	-0.928	-1.731	-2.368	-2.458	3.25452900	3
	0.019100	9.2553	1.77532411	1.7753	2.0497	3.6474	2.1791	-0.354	2.726	1.451	0.241	-0.472	-1.025	-1.840	-2.484	-2.577	3.25456047	3
	0.019100	9.2553	1.77572262	1.7757	2.0887	3.6446	2.1288	-0.452	2.714	1.396	0.166	-0.558	-1.119	-1.945	-2.597	-2.693	3.25459051	3
	0.019100	9.2553	1.77611244	1.7761	2.1279	3.6418	2.0786	-0.550	2.700	1.339	0.091	-0.644	-1.214	-2.050	-2.711	-2.808	3.25461984	3
	0.019100	9.2553	1.77648950	1.7765	2.1668	3.6390	2.0286	-0.647	2.688	1.284	0.018	-0.729	-1.307	-2.155	-2.824	-2.924	3.25464845	3
	0.019100	9.2553	1.77685142	1.7769	2.2055	3.6361	1.9787	-0.744	2.683	1.233	-0.053	-0.811	-1.400	-2.259	-2.936	-3.038	3.25467563	3
	0.019100	9.2553	1.77718985	1.7772	2.2431	3.6334	1.9302	-0.838	2.684	1.185	-0.122	-0.891	-1.490	-2.361	-3.045	-3.149	3.25470114	3
	0.019100	9.2553	1.77751803	1.7775	2.2809	3.6306	1.8814	-0.932	2.685	1.136	-0.191	-0.972	-1.580	-2.463	-3.155	-3.261	3.25472569	3
	0.019100	9.2553	1.77782583	1.7778	2.3178	3.6279	1.8339	-1.024	2.684	1.090	-0.257	-1.048	-1.668	-2.562	-3.261	-3.370	3.25474882	3
	0.019100	9.2553	1.77811885	1.7781	2.3546	3.6251	1.7858	-1.116	2.690	1.046	-0.321	-1.123	-1.756	-2.661	-3.367	-3.479	3.25477099	3
	0.019100	9.2553	1.77839816	1.7784	2.3915	3.6223	1.7377	-1.209	2.693	1.002	-0.385	-1.199	-1.843	-2.760	-3.474	-3.589	3.25479198	3
	0.019100	9.2553	1.77865696	1.7787	2.4273	3.6196	1.6911	-1.298	2.697	0.959	-0.448	-1.272	-1.928	-2.856	-3.577	-3.695	3.25481129	3
	0.019100	9.2553	1.77890551	1.7789	2.4632	3.6169	1.6443	-1.388	2.699	0.918	-0.507	-1.342	-2.013	-2.952	-3.681	-3.801	3.25483012	3
	0.019100	9.2553	1.77913690	1.7791	2.4982	3.6142	1.5986	-1.475	2.704	0.878	-0.565	-1.409	-2.095	-3.046	-3.781	-3.905	3.25484753	3
	0.019100	9.2553	1.77935493	1.7794	2.5330	3.6113	1.5526	-1.563	2.711	0.841	-0.621	-1.477	-2.177	-3.139	-3.882	-4.009	3.25486374	3
	0.019100	9.2553	1.77956176	1.7796	2.5678	3.6086	1.5071	-1.649	2.714	0.803	-0.676	-1.542	-2.258	-3.232	-3.982	-4.113	3.25487924	3
	0.019100	9.2553	1.77980006	1.7798	2.6099	3.6053	1.4516	-1.755	2.708	0.753	-0.740	-1.616	-2.356	-3.345	-4.104	-4.239	3.25489712	3
	0.019100	9.2553	1.78002107	1.7800	2.6515	3.6020	1.3968	-1.859	2.703	0.704	-0.803	-1.688	-2.453	-3.456	-4.225	-4.363	3.25491381	3
	0.019100	9.2553	1.78022492	1.7802	2.6921	3.5986	1.3426	-1.960	2.700	0.659	-0.860	-1.754	-2.546	-3.566	-4.343	-4.486	3.25492907	3
	0.019100	9.2553	1.78038132	1.7804	2.7250	3.5958	1.2988	-2.043	2.695	0.624	-0.904	-1.804	-2.622	-3.654	-4.438	-4.585	3.25494075	3
	0.019100	9.2553	1.78055823	1.7806	2.7643	3.5925	1.2461	-2.141	2.693	0.584	-0.955	-1.862	-2.712	-3.760	-4.553	-4.704	3.25495410	3
	0.019100	9.2553	1.78072309	1.7807	2.8030	3.5892	1.1942	-2.237	2.690	0.545	-1.003	-1.917	-2.801	-3.864	-4.665	-4.822	3.25496626	3
	0.019100	9.2553	1.78087544	1.7809	2.8409	3.5859	1.1433	-2.332	2.685	0.509	-1.042	-1.962	-2.887	-3.966	-4.776	-4.937	3.25497770	3
	0.019100	9.2553	1.78101850	1.7810	2.8785	3.5826	1.0924	-2.426	2.682	0.474	-1.081	-2.006	-2.972	-4.068	-4.886	-5.052	3.25498843	3
	0.019100	9.2553	1.78115070	1.7812	2.9151	3.5792	1.0425	-2.518	2.682	0.444	-1.113	-2.044	-3.054	-4.167	-4.993	-5.164	3.25499845	3
	0.019100	9.2553	1.78127217	1.7813	2.9507	3.5759	0.9937	-2.607	2.682	0.425	-1.132	-2.072	-3.132	-4.264	-5.098	-5.274	3.25500751	3
	0.019100	9.2553	1.78138423	1.7814	2.9850	3.5726	0.9462	-2.693	2.708	0.417	-1.152	-2.106	-3.206	-4.359	-5.195	-5.378	3.25501585	3
	0.019100	9.2553	1.78148985	1.7815	3.0188	3.5694	0.8995	-2.777	2.735	0.412	-1.171	-2.139	-3.280	-4.451	-5.290	-5.481	3.25502372	3
	0.019100	9.2553	1.78158891	1.7816	3.0520	3.5663	0.8538	-2.860	2.763	0.413	-1.178	-2.164	-3.348	-4.542	-5.384	-5.580	3.25503111	3
	0.019100	9.2553	1.78168011	1.7817	3.0842	3.5630	0.8088	-2.940	2.798	0.416	-1.182	-2.184	-3.415	-4.631	-5.475	-5.678	3.25503802	3
	0.019100	9.2553	1.78176761	1.7818	3.1157	3.5598	0.7642	-3.019	2.837	0.421	-1.185	-2.203	-3.480	-4.718	-5.564	-5.775	3.25504446	3
	0.019100	9.2553	1.78182149	1.7818	3.1352	3.5577	0.7366	-3.068	2.860	0.434	-1.173	-2.208	-3.516	-4.771	-5.619	-5.835	3.25504851	4
	0.019100	9.2553	1.78182149	1.7818	1.6689	3.6823	2.7011	0.598	2.808	1.971	0.958	0.364	-0.103	-0.784	-1.324	-1.395	3.25504851	4
	0.019100	9.2553	1.78327715	1.7833	1.6920	3.6805	2.6711	0.540	2.786	1.932	0.910	0.310	-0.159	-0.847	-1.393	-1.465	3.25515723	4
	0.019100	9.2553	1.78480196	1.7848	1.6945	3.6805	2.6691	0.534	2.779	1.925	0.903	0.304	-0.166	-0.853	-1.399	-1.471	3.25527096	4
	0.019100	9.2553	1.78583419	1.7858	1.6939	3.6807	2.6709	0.535	2.775	1.924	0.904	0.305	-0.164	-0.851	-1.396	-1.468	3.25534797	4
	0.019100	9.2553	1.78608978	1.7861	1.6937	3.6808	2.6714	0.536	2.775	1.924	0.904	0.305	-0.164	-0.850	-1.395	-1.467	3.25536680	4
	0.019100	9.2553	1.78749835	1.7875	1.6932	3.6811	2.6734	0.537	2.770	1.922	0.903	0.306	-0.163	-0.848	-1.392	-1.464	3.25547147	4
	0.019100	9.2553	1.78908145	1.7891	1.6928	3.6814	2.6755	0.538	2.765	1.920	0.903	0.306	-0.162	-0.846	-1.389	-1.460	3.25558901	4
	0.019100	9.2553	1.79062760	1.7906	1.6924	3.6817	2.6775	0.539	2.760	1.918	0.902	0.306	-0.161	-0.844	-1.387	-1.457	3.25570345	4
	0.019100	9.2553	1.79206896	1.7921	1.6922	3.6820	2.6791	0.540	2.755	1.916	0.901	0.306	-0.161	-0.843	-1.384	-1.455	3.25580978	4
	0.019100	9.2553	1.79361832	1.7936	1.6920	3.6823	2.6808	0.540	2.750	1.914	0.900	0.306	-0.160	-0.841	-1.382	-1.453	3.25592399	4
	0.019100	9.2553	1.79526639	1.7953	1.6921	3.6825	2.6822	0.540	2.744	1.911	0.898	0.305	-0.161	-0.841	-1.381	-1.451	3.25604510	4
	0.019100	9.2553	1.79691517	1.7969	1.6926	3.6828	2.6831	0.539	2.738	1.907	0.896	0.303	-0.162	-0.841	-1.380	-1.451	3.25616622	4
	0.019100	9.2553	1.79850626	1.7985	1.6932	3.6830	2.6837	0.537	2.732	1.904	0.893	0.301	-0.164	-0.842	-1.381	-1.451	3.25628281	4
	0.019100	9.2553	1.80018866	1.8002	1.6940	3.6832	2.6842	0.535	2.726	1.899	0.890	0.299	-0.166	-0.843	-1.381	-1.451	3.25640559	4
	0.019100	9.2553	1.80191493	1.8019	1.6949	3.6834	2.6845	0.533	2.719	1.895	0.886	0.296	-0.168	-0.845	-1.382	-1.452	3.25653148	4
	0.019100	9.2553	1.80346954	1.8035	1.6959	3.6836	2.6846	0.530	2.714	1.891	0.883	0.293	-0.171	-0.847	-1.384	-1.454	3.25664449	4
	0.019100	9.2553	1.80440831	1.8044	1.6965	3.6837	2.6846	0.529	2.710	1.889	0.881	0.291	-0.172	-0.848	-1.385	-1.455	3.25671268	4
	0.019100	9.2553	1.80514824	1.8051	1.6971	3.6837	2.6844	0.527	2.707	1.886	0.879	0.290	-0.174	-0.850	-1.386	-1.455	3.25676656	4
	0.019100	9.2553	1.80669546	1.8067	1.6983	3.6839	2.6841	0.524	2.701	1.882	0.875	0.286	-0.177	-0.852	-1.388	-1.458	3.25687861	4
	0.019100	9.2553	1.80841374	1.8084	1.6998	3.6840	2.6835	0.520	2.695	1.877	0.871	0.282	-0.181	-0.856	-1.391	-1.461	3.25700283	4
	0.019100	9.2553	1.81000936	1.8100	1.7014	3.6841	2.6827	0.516	2.689	1.872	0.866	0.278	-0.185	-0.859	-1.394	-1.464	3.25711775	4
	0.019100	9.2553	1.81161249	1.8116	1.7032	3.6842	2.6817	0.512	2.683	1.867	0.861	0.273	-0.189	-0.863	-1.398	-1.468	3.25723314	4
	0.019100	9.2553	1.81326294	1.8133	1.7052	3.6843	2.6803	0.507	2.676	1.861	0.856	0.268	-0.194	-0.868	-1.403	-1.472	3.25735164	4
	0.019100	9.2553	1.81487203	1.8149	1.7074	3.6843	2.6786	0.502	2.670	1.855	0.850	0.263	-0.200	-0.874	-1.408	-1.478	3.25746703	4
	0.019100	9.2553	1.81661236	1.8166	1.7099	3.6843	2.6765	0.495	2.664	1.849	0.844	0.256	-0.206	-0.880	-1.414	-1.484	3.25759149	4
	0.019100	9.2553	1.81834161	1.8183	1.7128	3.6842	2.6739	0.488	2.658	1.842	0.837	0.249	-0.213	-0.887	-1.422	-1.491	3.25771499	4
	0.019100	9.2553	1.82014740	1.8201	1.7161	3.6842	2.6706	0.480	2.651	1.835	0.829	0.241	-0.221	-0.896	-1.431	-1.500	3.25784349	4
	0.019100	9.2553	1.82191265	1.8219	1.7198	3.6840	2.6668	0.470	2.644	1.827	0.820	0.232	-0.231	-0.906	-1.441	-1.511	3.25796890	4
	0.019100	9.2553	1.82367611	1.8237	1.7241	3.6838	2.6622	0.460	2.638	1.818	0.811	0.222	-0.241	-0.917	-1.453	-1.522	3.25809383	4
	0.019100	9.2553	1.82541645	1.8254	1.7288	3.6836	2.6568	0.448	2.631	1.809	0.801	0.211	-0.253	-0.929	-1.466	-1.536	3.25821686	4
	0.019100	9.2553	1.82717574	1.8272	1.7343	3.6832	2.6503	0.434	2.624	1.799	0.789	0.198	-0.266	-0.944	-1.482	-1.552	3.25834084	4
	0.019100	9.2553	1.82894278	1.8289	1.7406	3.6828	2.6427	0.419	2.617	1.787	0.775	0.183	-0.282	-0.961	-1.500	-1.571	3.25846529	4
	0.019100	9.2553	1.83076382	1.8308	1.7429	3.6828	2.6408	0.413	2.611	1.781	0.769	0.178	-0.288	-0.967	-1.506	-1.576	3.25859308	4
	0.019100	9.2553	1.83254111	1.8325	1.7481	3.6824	2.6347	0.400	2.605	1.772	0.758	0.166	-0.300	-0.981	-1.521	-1.592	3.25871754	4
	0.019100	9.2553	1.83442831	1.8344	1.7701	3.6804	2.6049	0.345	2.590	1.737	0.714	0.116	-0.354	-1.043	-1.589	-1.660	3.25884938	4
	0.019100	9.2553	1.83583426	1.8358	1.7977	3.6779	2.5678	0.276	2.573	1.694	0.660	0.054	-0.421	-1.119	-1.673	-1.746	3.25894737	4
	0.019100	9.2553	1.83674908	1.8367	1.8235	3.6756	2.5331	0.211	2.556	1.653	0.609	-0.004	-0.484	-1.191	-1.751	-1.826	3.25901103	4
	0.019100	9.2553	1.83741438	1.8374	1.8627	3.6723	2.4805	0.113	2.534	1.593	0.531	-0.092	-0.580	-1.299	-1.870	-1.946	3.25905728	4
	0.019100	9.2553	1.83778310	1.8378	1.9057	3.6686	2.4232	0.006	2.520	1.531	0.446	-0.189	-0.685	-1.419	-1.999	-2.078	3.25908303	4
	0.019100	9.2553	1.83795381	1.8380	1.9450	3.6654	2.3709	-0.092	2.508	1.475	0.369	-0.277	-0.782	-1.527	-2.117	-2.197	3.25909495	4
	0.019100	9.2553	1.83804417	1.8380	1.9853	3.6621	2.3174	-0.193	2.495	1.417	0.290	-0.368	-0.880	-1.638	-2.237	-2.320	3.25910115	4
	0.019100	9.2553	1.83809638	1.8381	2.0273	3.6587	2.2618	-0.298	2.484	1.358	0.209	-0.461	-0.982	-1.754	-2.362	-2.447	3.25910473	4
	0.019100	9.2553	1.83812714	1.8381	2.0634	3.6558	2.2140	-0.388	2.476	1.309	0.141	-0.540	-1.069	-1.852	-2.469	-2.556	3.25910687	7
	0.019100	9.2553	1.83812761	1.8381	2.0640	3.6557	2.2132	-0.390	2.475	1.308	0.139	-0.542	-1.071	-1.854	-2.471	-2.558	3.25910687	7
	0.019100	9.2553	1.83812976	1.8381	2.0671	3.6555	2.2091	-0.398	2.475	1.303	0.133	-0.549	-1.079	-1.863	-2.480	-2.568	3.25910711	7
	0.019100	9.2553	1.83815813	1.8382	2.1107	3.6520	2.1517	-0.507	2.464	1.242	0.050	-0.645	-1.184	-1.982	-2.609	-2.699	3.25910902	7
	0.019100	9.2553	1.83818483	1.8382	2.1525	3.6487	2.0966	-0.611	2.456	1.185	-0.029	-0.736	-1.285	-2.095	-2.733	-2.825	3.25911093	7
	0.019100	9.2553	1.83824325	1.8382	2.1974	3.6452	2.0376	-0.724	2.449	1.125	-0.112	-0.833	-1.393	-2.217	-2.865	-2.960	3.25911498	7
	0.019100	9.2553	1.83829212	1.8383	2.1659	3.6477	2.0793	-0.645	2.451	1.166	-0.055	-0.766	-1.317	-2.131	-2.772	-2.865	3.25911832	7
	0.019100	9.2553	1.83840489	1.8384	2.1176	3.6516	2.1430	-0.524	2.460	1.231	0.036	-0.660	-1.201	-2.000	-2.629	-2.719	3.25912619	7
	0.019100	9.2553	1.83935535	1.8394	2.0947	3.6534	2.1736	-0.467	2.464	1.263	0.079	-0.610	-1.146	-1.937	-2.561	-2.650	3.25919223	7
	0.019100	9.2553	1.84110284	1.8411	2.1272	3.6509	2.1314	-0.548	2.455	1.216	0.017	-0.682	-1.224	-2.026	-2.657	-2.748	3.25931311	7
	0.019100	9.2553	1.84198594	1.8420	2.1694	3.6476	2.0761	-0.653	2.447	1.160	-0.062	-0.774	-1.326	-2.141	-2.781	-2.874	3.25937414	7
	0.019100	9.2553	1.84260726	1.8426	2.2087	3.6444	2.0244	-0.752	2.443	1.107	-0.135	-0.859	-1.420	-2.247	-2.897	-2.993	3.25941706	7
	0.019100	9.2553	1.84311187	1.8431	2.2482	3.6413	1.9725	-0.850	2.444	1.057	-0.207	-0.944	-1.515	-2.354	-3.013	-3.112	3.25945187	7
	0.019100	9.2553	1.84353292	1.8435	2.2878	3.6381	1.9202	-0.950	2.451	1.009	-0.278	-1.028	-1.610	-2.462	-3.130	-3.231	3.25948095	7
	0.019100	9.2553	1.84389389	1.8439	2.3280	3.6349	1.8672	-1.050	2.460	0.961	-0.349	-1.113	-1.706	-2.571	-3.248	-3.352	3.25950599	7
	0.019100	9.2553	1.84420907	1.8442	2.3686	3.6316	1.8135	-1.152	2.470	0.914	-0.421	-1.198	-1.802	-2.681	-3.367	-3.473	3.25952768	7
	0.019100	9.2553	1.84448147	1.8445	2.4077	3.6284	1.7618	-1.249	2.479	0.869	-0.488	-1.278	-1.895	-2.787	-3.481	-3.591	3.25954652	7
	0.019100	9.2553	1.84473419	1.8447	2.4466	3.6252	1.7104	-1.346	2.489	0.826	-0.554	-1.356	-1.986	-2.892	-3.594	-3.707	3.25956392	7
	0.019100	9.2553	1.84497619	1.8450	2.4864	3.6220	1.6574	-1.446	2.501	0.782	-0.621	-1.437	-2.080	-2.999	-3.711	-3.827	3.25958037	7
	0.019100	9.2553	1.84520507	1.8452	2.5272	3.6186	1.6034	-1.548	2.512	0.738	-0.689	-1.518	-2.176	-3.109	-3.830	-3.949	3.25959611	7
	0.019100	9.2553	1.84541905	1.8454	2.5701	3.6151	1.5464	-1.655	2.524	0.693	-0.756	-1.600	-2.277	-3.224	-3.954	-4.078	3.25961089	7
	0.019100	9.2553	1.84560788	1.8456	2.6165	3.6112	1.4844	-1.771	2.536	0.644	-0.830	-1.689	-2.385	-3.349	-4.090	-4.218	3.25962400	7
	0.019100	9.2553	1.84575522	1.8458	2.6654	3.6071	1.4190	-1.894	2.536	0.589	-0.903	-1.774	-2.498	-3.480	-4.232	-4.366	3.25963402	7
	0.019100	9.2553	1.84586048	1.8459	2.7120	3.6031	1.3566	-2.010	2.537	0.538	-0.970	-1.853	-2.606	-3.605	-4.368	-4.507	3.25964141	7
	0.019100	9.2553	1.84594285	1.8459	2.7554	3.5993	1.2980	-2.119	2.540	0.493	-1.031	-1.925	-2.706	-3.722	-4.496	-4.639	3.25964689	7
	0.019100	9.2553	1.84601426	1.8460	2.7972	3.5956	1.2415	-2.223	2.540	0.452	-1.084	-1.985	-2.801	-3.835	-4.618	-4.766	3.25965190	7
	0.019100	9.2553	1.84607959	1.8461	2.8375	3.5920	1.1867	-2.324	2.542	0.413	-1.134	-2.044	-2.893	-3.944	-4.736	-4.890	3.25965643	7
	0.019100	9.2553	1.84614241	1.8461	2.8767	3.5884	1.1333	-2.422	2.544	0.377	-1.178	-2.095	-2.982	-4.050	-4.851	-5.010	3.25966072	7
	0.019100	9.2553	1.84620357	1.8462	2.9163	3.5848	1.0792	-2.521	2.545	0.343	-1.216	-2.138	-3.072	-4.157	-4.968	-5.131	3.25966501	7
	0.019100	9.2553	1.84626603	1.8463	2.9572	3.5809	1.0228	-2.623	2.549	0.309	-1.254	-2.182	-3.165	-4.268	-5.089	-5.258	3.25966930	7
	0.019100	9.2553	1.84632385	1.8463	2.9937	3.5774	0.9722	-2.714	2.566	0.295	-1.276	-2.215	-3.244	-4.369	-5.195	-5.370	3.25967312	7
	0.019100	9.2553	1.84638584	1.8464	3.0308	3.5738	0.9207	-2.807	2.595	0.288	-1.297	-2.252	-3.325	-4.471	-5.300	-5.483	3.25967741	7
	0.019100	9.2553	1.84645379	1.8465	3.0687	3.5700	0.8678	-2.902	2.629	0.282	-1.319	-2.290	-3.408	-4.575	-5.407	-5.599	3.25968218	7
	0.019100	9.2553	1.84652877	1.8465	3.1077	3.5661	0.8128	-2.999	2.671	0.289	-1.320	-2.312	-3.487	-4.682	-5.518	-5.718	3.25968719	7
	0.019100	9.2553	1.84660304	1.8466	3.1431	3.5624	0.7628	-3.088	2.714	0.295	-1.324	-2.333	-3.561	-4.780	-5.619	-5.827	3.25969243	7
	0.019100	9.2553	1.84664583	1.8466	3.1290	3.5640	0.7833	-3.052	2.694	0.290	-1.325	-2.327	-3.532	-4.741	-5.578	-5.783	3.25969529	7
	0.019100	9.2553	1.84664762	1.8466	3.1181	3.5651	0.7986	-3.025	2.681	0.289	-1.324	-2.321	-3.509	-4.711	-5.547	-5.750	3.25969553	7
	0.019100	9.2553	1.84665143	1.8467	3.0584	3.5713	0.8832	-2.876	2.614	0.279	-1.317	-2.283	-3.386	-4.546	-5.377	-5.566	3.25969577	7
	0.019100	9.2553	1.84665346	1.8467	3.0968	3.5673	0.8289	-2.972	2.655	0.284	-1.324	-2.310	-3.466	-4.652	-5.486	-5.684	3.25969577	7
	0.019100	9.2553	1.84665585	1.8467	3.1410	3.5627	0.7662	-3.082	2.709	0.292	-1.326	-2.334	-3.557	-4.774	-5.612	-5.820	3.25969601	7
	0.019100	9.2553	1.84665906	1.8467	3.1801	3.5585	0.7102	-3.180	2.762	0.307	-1.319	-2.350	-3.636	-4.882	-5.724	-5.940	3.25969625	7
	0.019100	9.2553	1.84666324	1.8467	3.2149	3.5546	0.6598	-3.267	2.812	0.333	-1.294	-2.352	-3.701	-4.978	-5.823	-6.049	3.25969648	7
	0.019100	9.2553	1.84666884	1.8467	3.2481	3.5508	0.6116	-3.350	2.865	0.356	-1.271	-2.352	-3.765	-5.070	-5.918	-6.152	3.25969696	7
	0.019100	9.2553	1.84667706	1.8467	3.2861	3.5464	0.5561	-3.445	2.925	0.404	-1.218	-2.340	-3.828	-5.175	-6.027	-6.271	3.25969744	7
	0.019100	9.2553	1.84668875	1.8467	3.3198	3.5426	0.5069	-3.530	2.980	0.449	-1.168	-2.326	-3.884	-5.268	-6.123	-6.376	3.25969815	7
	0.019100	9.2553	1.84668875	1.8467	3.3198	3.5426	0.5068	-3.530	2.981	0.450	-1.167	-2.326	-3.884	-5.268	-6.123	-6.376	3.25969815	8
