#RAVE_OBS_ID          RA       DEC      K     JmK   RV    RV_ERR  DR4_TEFF E_DR4_TEFF DR4_LOGG E_DR4_LOGG DR4_FEH E_DR4_FEH SNRK ALGOCONV
20120107_0336p23_010 53.27429 22.13422 9.425 0.472 0.6 2.5 5579 98 4.64 0.16 0.10 0.10 29 0
20120107_0336p23_012 52.86808 21.82192 7.824 0.247 2.1 2.5 6242 117 3.62 0.18 0.05 0.13 62 0
20120107_0336p23_042 51.92525 23.80364 8.679 0.387 5.0 1.3 5942 98 3.72 0.16 -0.05 0.10 53 2
20120107_0336p23_063 52.16862 25.60778 9.723 0.475 1.9 3.1 4912 69 4.57 0.14 -0.12 0.09 30 0
20120107_0336p23_065 52.35583 25.65225 8.270 0.189 8.5 1.9 3400 134 5.50 0.17 -4.36 0.06 73 3
20120107_0336p23_067 52.81646 25.25547 7.457 0.130 -2.3 4.0 7334 82 3.77 0.13 0.07 0.11 86 1
20120107_0336p23_069 53.53046 24.34444 8.274 0.279 5.9 2.0 6258 82 3.88 0.13 -0.11 0.11 77 0
20120107_0336p23_071 53.50754 24.88089 9.178 0.404 3.4 1.3 5517 98 4.73 0.16 -0.07 0.10 69 0
20120107_0336p23_075 53.69671 26.09483 8.833 0.407 3.0 1.8 5544 111 3.46 0.20 -0.09 0.09 58 0
20120107_0336p23_085 55.40067 25.61931 8.593 0.366 2.2 1.4 3400 94 5.50 0.11 -4.36 0.06 75 3
20120107_0336p23_088 54.77804 24.70286 7.032 -0.053 11.2 10.1 8000 152 4.50 0.21 -0.53 0.14 65 3
20120107_0336p23_090 54.80617 24.46653 8.905 0.327 4.5 1.4 5625 67 4.39 0.10 -0.18 0.09 79 0
20120107_0336p23_091 54.73696 24.56981 9.041 0.317 5.0 1.7 5799 98 4.66 0.16 -0.14 0.10 62 0
20120107_0336p23_094 55.12804 24.48731 9.556 0.526 3.9 2.4 4769 69 4.78 0.14 -0.09 0.09 34 0
20120107_0336p23_099 54.86583 23.89500 9.475 0.482 3.1 1.7 5278 98 4.65 0.16 -0.00 0.10 50 0
20120107_0336p23_101 55.36592 23.70836 9.313 0.448 4.1 1.6 5284 98 4.57 0.16 -0.10 0.10 66 3
20120107_0336p23_106 56.27725 24.26353 7.738 0.154 6.8 2.9 7539 117 4.12 0.18 -0.13 0.13 45 0
20120107_0336p23_107 56.66387 24.10319 8.191 0.241 5.1 1.5 6271 82 3.96 0.13 -0.12 0.11 109 0
20120107_0336p23_110 56.27200 23.70267 8.000 0.205 5.7 1.1 6693 82 4.35 0.13 -0.17 0.11 111 0
20120107_0336p23_113 56.64250 23.62403 7.067 0.174 8.9 13.8 8000 257 4.50 0.30 -1.07 0.19 52 3
20120107_0336p23_115 56.21350 23.26892 7.984 0.200 5.6 1.4 6592 82 4.11 0.13 -0.15 0.11 96 0
20120107_0336p23_117 55.14317 23.68261 9.148 0.437 4.0 1.6 5602 98 4.53 0.16 0.10 0.10 54 0
20120107_0336p23_119 56.84542 22.92211 7.520 0.098 6.8 2.5 7666 82 4.48 0.13 0.09 0.11 85 0
20120107_0336p23_120 54.92158 23.29089 8.634 0.286 3.9 1.8 5931 67 3.75 0.10 0.09 0.09 82 0
20120107_0336p23_122 55.74675 22.90092 9.713 0.567 5.2 2.5 4832 69 4.66 0.14 0.17 0.09 34 0
20120107_0336p23_124 55.51967 22.85856 8.002 0.234 5.7 1.4 6253 82 3.73 0.13 -0.13 0.11 87 2
20120107_0336p23_128 55.51642 22.42689 9.159 0.638 6.6 3.0 3799 85 5.49 0.17 -0.30 0.10 40 3
20120107_0336p23_129 56.24550 22.03244 8.278 0.242 6.5 1.4 6215 82 3.88 0.13 -0.17 0.11 96 2
20120107_0336p23_132 56.29117 21.70458 8.586 0.316 5.7 1.5 5806 67 4.49 0.10 -0.11 0.09 90 0
20120107_0336p23_139 55.60000 21.47350 8.526 0.271 6.3 1.1 5869 67 3.93 0.10 -0.17 0.09 89 1
20120107_0336p23_142 54.59408 22.49969 8.696 0.322 4.8 1.4 5979 98 4.49 0.16 0.03 0.10 74 0
20120109_0346p23_005 56.49642 25.39858 7.538 0.067 11.3 4.3 7785 82 4.28 0.13 -0.00 0.11 92 1
20120109_0346p23_061 55.60008 22.42114 8.758 0.359 4.8 1.9 3200 134 5.50 0.17 -4.36 0.06 48 3
20120109_0346p23_085 56.55288 23.12853 7.285 0.288 -7.4 0.9 6198 82 4.37 0.13 0.14 0.11 121 2
20120109_0346p23_087 57.92533 21.66836 9.452 0.451 3.5 3.8 5000 233 3.50 0.40 0.06 0.15 23 4
20120109_0346p23_089 58.25992 21.66014 8.833 0.480 12.4 2.2 5099 98 4.65 0.16 0.04 0.10 32 0
20120109_0346p23_092 57.18292 23.25983 7.631 0.127 4.5 2.3 7031 82 3.80 0.13 0.10 0.11 93 0
20120109_0346p23_095 57.58875 23.09639 9.385 0.478 4.2 2.3 5111 98 4.53 0.16 -0.10 0.10 37 0
20120109_0346p23_103 57.48537 23.21864 8.796 0.349 4.4 1.6 5966 98 4.30 0.16 -0.01 0.10 65 0
20120109_0346p23_105 59.00596 23.12633 7.681 0.333 7.8 1.5 6290 74 3.50 0.13 -0.06 0.09 66 0
20120109_0346p23_107 56.72400 23.58356 8.996 0.354 4.3 1.4 5929 98 4.48 0.16 0.02 0.10 65 0
20120109_0346p23_109 57.98692 23.90197 8.632 0.351 3.4 1.6 5841 98 3.94 0.16 -0.07 0.10 72 0
20120109_0346p23_115 58.58996 24.07569 8.424 0.263 -3.8 5.5 3200 134 5.50 0.17 -4.36 0.06 30 3
20120109_0346p23_117 57.72954 24.19747 9.629 0.487 3.7 3.8 4983 69 3.53 0.14 0.06 0.09 27 0
20120109_0346p23_121 58.34875 24.06506 9.439 0.510 10.6 3.8 6500 308 4.50 0.34 0.25 0.27 24 0
20120109_0346p23_127 58.22283 24.71572 8.259 0.258 4.2 1.3 3400 134 5.50 0.17 -4.36 0.06 63 3
20120109_0346p23_129 58.00933 24.66331 9.072 0.725 -3.6 5.4 3200 134 5.50 0.17 -4.36 0.06 26 3
20120109_0346p23_131 57.48583 24.34900 7.350 -0.004 8.5 9.5 8000 97 4.50 0.14 -0.58 0.11 80 3
20120109_0346p23_133 57.14492 24.18114 7.769 0.292 2.9 2.1 6119 117 3.63 0.18 0.07 0.13 60 2
20120109_0346p23_135 57.35717 24.93764 8.805 0.479 0.1 2.1 5224 98 4.47 0.16 -0.10 0.10 49 3
20120109_0346p23_137 57.57362 25.37956 8.382 0.263 3.0 1.2 6247 117 3.73 0.18 -0.09 0.13 43 0
20120109_0346p23_139 57.47046 25.64744 8.254 0.235 0.6 1.7 6085 117 3.67 0.18 -0.06 0.13 55 2
20120109_0346p23_140 57.07033 25.21511 7.862 0.275 3.0 1.6 6230 82 3.65 0.13 -0.03 0.11 77 0
20120109_0346p23_141 56.94517 25.38569 7.706 0.098 -1.8 3.9 7605 117 4.03 0.18 0.26 0.13 52 0
20120112_0346p23_005 56.49642 25.39858 7.538 0.067 5.8 3.5 7881 117 4.20 0.18 -0.08 0.13 43 3
20120112_0346p23_061 55.60008 22.42114 8.758 0.359 4.5 2.1 3400 94 5.50 0.11 -4.36 0.06 84 3
20120112_0346p23_085 56.55288 23.12853 7.285 0.288 -8.6 1.3 6093 82 4.13 0.13 0.11 0.11 114 2
20120112_0346p23_087 57.92533 21.66836 9.452 0.451 3.7 1.3 5395 98 4.50 0.16 -0.01 0.10 46 3
20120112_0346p23_089 58.25992 21.66014 8.833 0.480 8.6 3.4 5018 98 4.69 0.16 -0.09 0.10 51 0
20120112_0346p23_092 57.18292 23.25983 7.631 0.127 1.4 2.5 6976 82 3.86 0.13 -0.02 0.11 108 0
20120112_0346p23_095 57.58875 23.09639 9.385 0.478 3.0 1.9 5502 98 4.90 0.16 0.01 0.10 72 0
20120112_0346p23_103 57.48537 23.21864 8.796 0.349 4.3 1.5 5767 67 4.00 0.10 -0.23 0.09 113 2
20120112_0346p23_105 59.00596 23.12633 7.681 0.333 5.1 1.4 6278 79 3.47 0.14 -0.03 0.09 96 0
20120112_0346p23_107 56.72400 23.58356 8.996 0.354 2.6 1.5 5605 67 4.56 0.10 -0.16 0.09 85 1
20120112_0346p23_109 57.98692 23.90197 8.632 0.351 2.4 1.2 5844 98 3.97 0.16 -0.20 0.10 70 2
20120112_0346p23_115 58.58996 24.07569 8.424 0.263 0.1 4.0 6090 74 3.41 0.13 0.03 0.09 33 0
20120112_0346p23_117 57.72954 24.19747 9.629 0.487 3.6 2.0 5271 98 4.91 0.16 -0.14 0.10 37 0
20120112_0346p23_121 58.34875 24.06506 9.439 0.510 4.6 6.0 7496 494 4.50 0.52 0.25 0.43 11 0
20120112_0346p23_127 58.22283 24.71572 8.259 0.258 2.9 1.8 3400 134 5.50 0.17 -4.36 0.06 68 3
20120112_0346p23_129 58.00933 24.66331 9.072 0.725 8.4 6.9 3600 99 4.50 0.19 -0.68 0.11 26 0
20120112_0346p23_131 57.48583 24.34900 7.350 -0.004 4.3 10.1 8000 152 4.50 0.21 -0.47 0.14 65 3
20120112_0346p23_133 57.14492 24.18114 7.769 0.292 3.1 1.8 5890 111 3.00 0.20 -0.02 0.09 69 0
20120112_0346p23_135 57.35717 24.93764 8.805 0.479 0.4 2.8 5202 98 4.94 0.16 0.08 0.10 32 0
20120112_0346p23_137 57.57362 25.37956 8.382 0.263 3.0 3.3 6273 117 3.67 0.18 0.04 0.13 36 0
20120112_0346p23_139 57.47046 25.64744 8.254 0.235 2.5 1.8 6416 117 4.17 0.18 -0.00 0.13 52 0
20120112_0346p23_140 57.07033 25.21511 7.862 0.275 1.7 1.6 5950 98 3.54 0.16 -0.06 0.10 69 0
20120112_0346p23_141 56.94517 25.38569 7.706 0.098 0.7 2.9 7620 117 3.99 0.18 0.27 0.13 54 0
20120118_0346p25_013 55.01283 27.74050 8.373 0.265 0.0 2.8 6222 117 3.66 0.18 0.17 0.13 45 0
20120118_0346p25_018 56.28421 26.29250 9.443 0.504 1.2 1.9 5247 98 4.45 0.16 0.04 0.10 51 3
20120118_0346p25_023 54.97383 26.71697 8.660 0.343 1.5 2.1 6043 117 4.01 0.18 -0.05 0.13 44 0
20120118_0346p25_027 55.02396 26.19639 9.264 0.494 -8.2 2.5 5247 98 4.49 0.16 -0.10 0.10 50 3
20120118_0346p25_038 55.14946 26.15142 9.395 0.406 1.5 1.7 5445 98 4.81 0.16 0.03 0.10 52 0
20120118_0346p25_107 56.83700 25.52583 8.435 0.285 2.7 2.2 6096 82 3.78 0.13 -0.15 0.11 75 2
20120118_0346p25_113 59.05329 25.76208 8.830 0.336 5.9 0.9 6370 82 3.88 0.13 -0.04 0.11 84 2
20120118_0346p25_124 57.68117 26.04131 9.400 0.381 3.1 1.3 5732 98 3.94 0.16 0.07 0.10 73 0
20120119_0346p25_061 56.30208 24.46728 4.502 0.172 18.0 23.5 7750 447 4.00 0.43 -3.21 0.40 92 3
20120119_0346p25_068 56.21892 24.11333 3.922 0.156 3.9 33.5 8000 156 4.00 0.21 -1.47 0.13 89 3
20120119_0346p25_073 56.45671 24.36775 3.986 0.073 13.7 21.3 8000 156 4.00 0.21 -0.90 0.13 108 3
20120119_0346p25_087 57.29675 24.13672 4.937 0.150 12.6 10.5 7749 152 4.50 0.21 -0.61 0.14 41 3
