#RAVE_OBS_ID          RA       DEC      K     JmK   RV    RV_ERR  DR4_TEFF E_DR4_TEFF DR4_LOGG E_DR4_LOGG DR4_FEH E_DR4_FEH SNRK ALGOCONV
20070409_0851p11_051 132.57612 11.92250 7.423 0.664 44.9 1.0 4748 62 1.91 0.14 -0.21 0.08 85 0
20070409_0851p11_072 132.80288 11.87842 7.976 0.674 35.3 0.5 4702 77 2.40 0.14 -0.13 0.08 68 0
20070409_0851p11_091 132.93287 11.94508 7.996 0.622 34.2 0.9 4753 77 2.28 0.14 -0.16 0.08 66 0
20070409_0851p11_105 132.92642 11.83542 9.187 0.642 34.9 0.7 4892 77 3.24 0.14 0.05 0.08 59 2
20070409_0851p11_120 133.07742 11.74064 7.923 0.649 34.7 0.8 4698 77 2.24 0.14 -0.05 0.08 66 0
20070409_0851p11_146 132.83983 11.76836 8.947 0.655 32.9 1.1 4851 77 3.31 0.14 0.10 0.08 63 0
20070529_0851p11_013 132.82725 11.82258 11.145 0.361 34.3 7.6 7500 464 4.50 0.56 0.25 0.41 11 0
20070529_0851p11_035 132.64329 11.66578 11.177 0.336 26.7 12.0 3600 329 4.50 0.51 -0.68 0.35 6 0
20070529_0851p11_058 132.75075 11.90886 10.860 0.462 54.8 28.9 7750 494 4.00 0.52 0.25 0.43 5 0
20070529_0851p11_101 132.89754 11.96564 11.030 0.417 33.9 5.8 5000 333 3.50 0.49 0.25 0.26 7 4
20070529_0851p11_143 132.93642 11.77942 10.822 0.535 24.9 4.2 4750 181 3.00 0.50 0.07 0.21 11 4
20070601_0851p11_013 132.82725 11.82258 11.145 0.361 33.9 2.0 5741 103 3.35 0.23 -0.23 0.10 30 0
20070601_0851p11_035 132.64329 11.66578 11.177 0.336 28.2 4.2 6212 258 3.99 0.38 0.05 0.25 18 0
20070601_0851p11_058 132.75075 11.90886 10.860 0.462 34.1 2.2 5222 203 3.58 0.35 -0.10 0.15 15 0
20070601_0851p11_101 132.89754 11.96564 11.030 0.417 33.4 2.3 5597 203 3.60 0.35 0.02 0.15 24 0
20070601_0851p11_143 132.93642 11.77942 10.822 0.535 33.7 1.4 5002 238 3.50 0.48 -0.08 0.18 21 0
20120329_0850p11_024 132.80292 11.87842 7.976 0.674 32.7 0.6 4724 77 2.24 0.13 -0.06 0.08 61 0
20120329_0850p11_116 132.92625 11.83542 9.187 0.642 33.7 1.2 4817 77 3.21 0.13 0.07 0.08 46 2
20120329_0850p11_124 132.93292 11.94508 7.996 0.622 32.4 0.5 4680 72 2.43 0.12 -0.07 0.08 80 0
20120411_0850p11_007 132.66996 11.79617 11.498 0.295 32.8 1.6 5810 98 3.59 0.16 -0.20 0.10 37 0
20120411_0850p11_059 132.84187 11.77806 11.782 0.335 34.5 1.6 5846 98 4.02 0.16 -0.08 0.10 50 0
20120411_0850p11_106 133.04725 11.76056 10.993 0.459 30.7 2.2 5458 111 3.24 0.20 0.05 0.09 42 2
20120411_0850p11_141 132.86621 11.92806 11.813 0.355 35.4 1.2 5556 111 3.32 0.20 -0.14 0.09 33 0
20120412_0850p11_027 132.74371 11.99431 12.640 0.379 34.2 2.1 5646 241 2.82 0.54 -0.28 0.17 19 4
20120412_0850p11_042 132.65279 11.81539 11.578 0.352 36.7 1.2 5794 98 3.90 0.16 -0.19 0.10 56 0
20120412_0850p11_059 132.77400 11.72969 12.345 0.416 43.1 3.5 6508 117 4.50 0.18 0.16 0.13 26 0
20120412_0850p11_088 133.02654 11.62533 12.954 0.430 3.9 2.1 6514 308 4.50 0.34 0.16 0.27 18 0
20120412_0850p11_103 132.93338 11.77347 11.027 0.411 33.4 1.0 5406 111 3.46 0.20 -0.09 0.09 57 0
20120412_0850p11_139 132.89750 11.96569 11.030 0.417 31.9 0.8 5497 111 3.23 0.20 -0.08 0.09 52 2
20120419_0850p11_029 132.82800 11.93047 12.673 0.315 43.2 5.5 5500 473 0.50 1.08 -1.30 0.43 6 4
20120419_0850p11_045 132.74683 11.77028 11.934 0.337 31.8 2.3 6514 494 4.39 0.52 0.15 0.43 14 0
20120419_0850p11_068 132.73554 11.63561 12.640 0.334 36.5 8.0 5254 427 4.20 0.55 -0.61 0.38 3 0
20120419_0850p11_102 133.02421 11.70686 12.105 0.410 27.7 3.9 5107 426 2.89 0.98 -0.29 0.44 8 4
20120419_0850p11_128 132.91271 11.79872 12.146 0.355 29.2 5.1 5712 344 4.42 0.51 0.03 0.30 4 0
20120421_0850p11_045 132.74683 11.77028 11.934 0.337 50.6 2.4 5800 98 3.74 0.16 -0.16 0.10 38 0
20120421_0850p11_068 132.73554 11.63561 12.640 0.334 -134.9 13.7 5750 843 5.00 1.06 -2.56 0.80 0 4
20120421_0850p11_102 133.02421 11.70686 12.105 0.410 30.8 3.5 6500 494 4.50 0.52 0.25 0.43 4 0
20120421_0850p11_128 132.91271 11.79872 12.146 0.355 36.7 5.9 5933 344 4.38 0.51 -0.10 0.30 4 0
20120510_0850p11_005 132.82725 11.82264 11.145 0.361 32.5 1.2 5809 111 3.30 0.25 -0.23 0.10 34 1
20120510_0850p11_068 132.74858 11.73556 12.673 0.485 33.9 2.0 4750 202 3.50 0.48 0.06 0.23 12 4
20120510_0850p11_094 132.95742 11.66622 12.707 0.462 33.0 3.9 4998 202 3.50 0.48 0.06 0.23 14 0
20120510_0850p11_109 133.03517 11.80294 13.048 0.357 27.7 5.1 5548 344 4.26 0.51 -0.16 0.30 4 0
20120510_0850p11_122 132.92179 11.90806 11.397 0.306 30.3 2.2 6090 494 4.28 0.52 -0.04 0.43 9 0
20120511_0850p11_019 132.82229 11.78350 11.723 0.294 33.8 1.4 5729 111 3.36 0.25 -0.28 0.10 35 0
20120511_0850p11_138 132.89908 11.89297 9.941 0.581 33.0 0.7 4837 77 3.22 0.13 -0.04 0.08 59 2
20120512_0850p11_029 132.82800 11.93047 12.673 0.315 38.3 6.0 5116 669 3.52 0.71 -1.03 0.54 6 4
20120512_0850p11_045 132.74683 11.77028 11.934 0.337 34.8 3.1 6490 494 4.31 0.52 0.14 0.43 13 0
20120512_0850p11_068 132.73554 11.63561 12.640 0.334 35.4 4.0 4893 303 2.06 0.72 -0.57 0.30 10 4
20120512_0850p11_102 133.02421 11.70686 12.105 0.410 32.5 3.8 6745 308 4.49 0.34 0.16 0.27 15 0
20120512_0850p11_128 132.91271 11.79872 12.146 0.355 32.0 2.5 5486 344 3.57 0.51 -0.10 0.30 9 0