#RAVE_OBS_ID          RA       DEC      K     JmK   RV    RV_ERR  DR4_TEFF E_DR4_TEFF DR4_LOGG E_DR4_LOGG DR4_FEH E_DR4_FEH SNRK ALGOCONV
20111126_0428p15_015 66.85558 14.26067 7.713 0.661 39.4 1.2 4520 66 4.53 0.11 -0.10 0.08 88 3
20111126_0428p15_035 65.88471 14.67047 7.145 0.466 40.6 1.1 5137 67 4.93 0.10 0.04 0.09 103 0
20111126_0428p15_061 66.20021 15.87469 7.852 0.864 37.9 1.5 3996 66 5.00 0.11 0.03 0.08 81 3
20111126_0428p15_072 67.04529 16.47094 7.758 0.802 40.1 0.9 4253 66 4.92 0.11 -0.11 0.08 90 3
20111126_0428p15_078 67.49054 16.67283 7.139 0.480 39.1 0.8 5158 67 4.99 0.10 0.09 0.09 124 0
20111126_0428p15_088 68.40817 16.76250 7.351 0.488 38.8 0.9 4987 66 4.70 0.11 0.14 0.08 101 0
20111126_0428p15_097 68.63408 15.82756 7.553 0.508 38.8 0.8 5001 67 4.75 0.10 0.14 0.09 95 0
20111126_0428p15_103 69.02192 15.68400 7.373 0.487 39.6 0.9 5123 67 4.74 0.10 0.08 0.09 133 0
20111126_0428p15_113 67.96863 15.49947 7.895 0.772 39.8 1.0 4408 69 4.80 0.14 0.08 0.09 67 0
20111126_0428p15_126 66.94600 14.41775 7.348 0.546 37.1 1.1 4986 69 4.86 0.14 0.11 0.09 54 0
20111126_0428p15_140 68.10688 13.11322 7.654 0.769 -12.5 4.1 4100 66 4.98 0.11 0.31 0.08 2031 3
20111126_0458p15_024 72.50296 16.41206 7.839 0.646 42.3 1.1 4615 66 4.96 0.11 0.06 0.08 81 2
20111126_0458p15_039 71.89725 14.88908 8.170 0.740 41.3 1.1 4250 69 4.97 0.14 -0.11 0.09 54 3
20111201_0430p15_011 67.01850 13.86794 7.003 0.503 38.2 1.4 5297 98 4.68 0.16 0.06 0.10 68 0
20111201_0430p15_039 66.05192 14.75819 6.007 0.350 40.5 1.2 5731 67 4.62 0.10 -0.13 0.09 113 2
20111201_0430p15_054 66.05325 16.37892 6.797 0.284 40.3 1.0 5786 67 4.21 0.10 -0.09 0.09 90 0
20111201_0430p15_061 65.68650 16.79103 6.203 0.372 41.2 0.9 5551 67 4.50 0.10 -0.06 0.09 108 2
20111201_0430p15_085 68.20879 16.00581 6.770 0.515 41.7 0.9 5001 67 4.80 0.10 0.06 0.09 106 0
20111201_0430p15_106 69.38329 15.14644 5.992 0.373 43.6 1.0 5704 67 4.34 0.10 -0.01 0.09 160 2
20111201_0430p15_115 68.49392 15.16361 6.465 0.524 40.9 0.8 5091 67 4.79 0.10 0.03 0.09 112 0
20111201_0430p15_124 69.73879 14.10558 6.443 0.371 39.6 1.3 5765 67 4.56 0.10 0.01 0.09 124 0
20111201_0430p15_141 67.87229 13.90347 6.455 0.278 39.2 0.9 6028 82 4.19 0.13 0.08 0.11 101 0
20111202_0455p14_017 72.38383 15.88875 6.355 0.287 42.7 0.7 5914 67 4.04 0.10 0.06 0.09 180 0
20111202_0455p14_023 72.21533 15.94756 7.737 0.496 41.9 1.5 5050 67 4.84 0.10 0.02 0.09 79 0
20111202_0455p14_033 71.62663 15.47206 6.738 0.360 42.8 0.8 5579 67 4.46 0.10 -0.05 0.09 122 0
20111202_0455p14_047 72.64092 15.08344 6.044 0.395 42.1 1.2 5428 67 4.82 0.10 0.05 0.09 165 0