#RAVE_OBS_ID          RA       DEC      K     JmK   RV    RV_ERR  DR4_TEFF E_DR4_TEFF DR4_LOGG E_DR4_LOGG DR4_FEH E_DR4_FEH SNRK ALGOCONV
20111004_1725m49_005 261.20158 -49.76250 7.864 0.720 -29.6 0.7 9 9 9.99 9.99 9.99 9.99 9 9
20111004_1725m49_062 261.17308 -49.98511 7.797 0.635 -31.0 0.8 9 9 9.99 9.99 9.99 9.99 9 9
20111004_1725m49_111 261.50592 -49.90789 8.041 0.673 -33.4 0.8 9 9 9.99 9.99 9.99 9.99 9 9
20111004_1725m49_134 261.22558 -49.88542 7.264 0.817 -33.3 0.9 9 9 9.99 9.99 9.99 9.99 9 9
20111018_1725m49_049 261.19467 -49.90197 8.247 0.665 -30.0 0.9 4783 77 2.18 0.13 -0.09 0.08 68 0
20111018_1725m49_142 261.30504 -49.99147 8.308 0.675 -31.0 0.6 4747 72 2.71 0.12 -0.07 0.08 92 0
20111019_1725m49_039 261.13917 -49.91556 7.341 0.796 -29.7 1.1 4558 77 1.74 0.13 -0.18 0.08 69 0
20111019_1725m49_113 261.26788 -49.97356 7.797 0.596 -30.9 0.6 5019 111 2.29 0.20 -0.18 0.09 72 0
20111020_1725m49_015 261.12871 -50.01492 10.550 0.349 -31.3 2.0 6130 117 3.63 0.18 -0.07 0.13 31 2 
20111020_1725m49_090 261.15037 -49.91164 11.701 0.259 -26.8 3.2 6675 308 4.14 0.34 0.07 0.27 21 0
20111020_1725m49_136 261.32633 -49.96950 11.277 0.313 -36.0 1.6 6500 138 3.50 0.14 0.06 0.10 18 0
20111021_1725m49_054 261.14058 -49.91981 7.341 0.796 -27.1 1.7 5927 98 3.59 0.16 -0.12 0.10 38 0
20111022_1725m49_022 261.27596 -49.99719 10.702 0.322 -32.5 1.8 6166 117 3.71 0.18 0.06 0.13 34 0
20111022_1725m49_083 261.25529 -49.89803 10.064 0.413 -31.2 2.3 6683 117 4.27 0.18 0.17 0.13 47 2
20111023_1725m49_083 261.20896 -49.94897 8.054 0.747 -31.3 1.5 4738 77 1.90 0.13 -0.13 0.08 48 2
20111024_1725m49_091 261.20621 -49.95744 8.209 0.692 -31.0 0.8 4858 77 2.22 0.13 -0.20 0.08 71 2
20111027_1725m49_095 261.18746 -49.93281 10.536 0.306 -28.8 2.6 6443 308 4.39 0.34 0.15 0.27 21 0
