# File generated by CMD 2.8 (http://stev.oapd.inaf.it/cmd) on Mon Sep  5 20:07:02 CEST 2016
# isochrones PARSEC release v1.2S + COLIBRI release PR16
# Basic references: Bressan et al. (2012), MNRAS, 427, 127 + Chen et al. (2014, 2015), MNRAS, 444, 2525 + MNRAS, 452, 1068 + Tang et al. (2014), MNRAS, 445, 4287 + Rosenfield et al. (2016, arXiv:1603.05283)
# Photometric system: <i>UBVRIJHK</i> (cf. Maiz-Apellaniz 2006 + Bessell 1990)
# Using NBC version of bolometric corrections as in Chen et al. (2014), MNRAS, 444, 2525
# BCs of Carbon stars derive from Aringer et al. (2009, A&A 503, 913)
# O-rich circumstellar dust ignored
# C-rich circumstellar dust ignored
# IMF: Chabrier (2001) lognormal 
# On RGB, assumed Reimers mass loss with efficiency eta=0.2
# Kind of output: isochrone tables
#	Isochrone  Z = 0.01520	Y = 0.27554	[M/H] = 0.015	eta_R = 0.200	Age = 	3.4000e+09 yr
#      Z	log(age/yr)	M_ini   	M_act	logL/Lo	logTe	logG	mbol    U       B       V       R       I       J       H       K	C/O	M_hec	period	pmode	logMdot	slope	int_IMF	stage
	0.015200	9.5315	0.0900000036	0.0900	-3.4242	3.3622	5.2173	13.330	25.896	22.203	20.146	17.258	14.553	11.135	10.545	10.242	0.4787	0.0000	0.0	1	-18.038	0.000	1.4676543474	1
	0.015200	9.5315	0.0979326665	0.0979	-3.2779	3.3830	5.1906	12.965	24.266	20.989	19.021	16.414	13.892	10.821	10.227	9.918	0.4787	0.0000	0.0	1	-18.002	0.000	1.5499825478	1
	0.015200	9.5315	0.1000000015	0.1000	-3.2417	3.3881	5.1840	12.874	23.864	20.689	18.743	16.205	13.728	10.743	10.149	9.838	0.4787	0.0000	0.0	1	-17.993	0.000	1.5704020262	1
	0.015200	9.5315	0.1199999973	0.1200	-2.9774	3.4228	5.1378	12.213	21.102	18.613	16.809	14.737	12.567	10.169	9.569	9.251	0.4787	0.0000	0.0	1	-17.913	0.000	1.7478251457	1
	0.015200	9.5315	0.1400000006	0.1400	-2.7938	3.4431	5.1023	11.754	19.547	17.393	15.677	13.848	11.845	9.758	9.155	8.838	0.4787	0.0000	0.0	1	-17.847	0.000	1.8958495855	1
	0.015200	9.5315	0.1599999964	0.1600	-2.6527	3.4566	5.0734	11.402	18.538	16.575	14.908	13.227	11.342	9.439	8.833	8.521	0.4787	0.0000	0.0	1	-17.789	0.000	2.0211524963	1
	0.015200	9.5315	0.2000000030	0.2000	-2.4368	3.4754	5.0293	10.862	17.198	15.458	13.850	12.352	10.632	8.944	8.335	8.035	0.4787	0.0000	0.0	1	-17.692	0.000	2.2217822075	1
	0.015200	9.5315	0.2500000000	0.2500	-2.2320	3.4918	4.9872	10.350	16.087	14.501	12.930	11.567	10.000	8.474	7.861	7.574	0.4787	0.0000	0.0	1	-17.573	0.000	2.4080901146	1
	0.015200	9.5315	0.3000000119	0.3000	-2.0734	3.5027	4.9511	9.953	15.357	13.854	12.315	11.026	9.542	8.102	7.486	7.209	0.4787	0.0000	0.0	1	-16.636	0.000	2.5475041866	1
	0.015200	9.5315	0.3102527261	0.3103	-2.0394	3.5045	4.9392	9.868	15.216	13.728	12.195	10.918	9.448	8.021	7.405	7.130	0.4787	0.0000	0.0	1	-16.463	0.000	2.5718495846	1
	0.015200	9.5315	0.3499999940	0.3500	-1.9148	3.5112	4.8937	9.557	14.712	13.272	11.763	10.527	9.105	7.725	7.105	6.837	0.4787	0.0000	0.0	1	-15.843	0.000	2.6555202007	1
	0.015200	9.5315	0.4000000060	0.4000	-1.7730	3.5225	4.8551	9.203	14.095	12.705	11.224	10.046	8.704	7.398	6.771	6.514	0.4787	0.0000	0.0	1	-15.157	0.000	2.7413372993	1
	0.015200	9.5315	0.4499999881	0.4500	-1.6235	3.5345	4.8047	8.829	13.486	12.130	10.678	9.554	8.290	7.054	6.417	6.172	0.4787	0.0000	0.0	1	-14.551	0.000	2.8109800816	1
	0.015200	9.5315	0.5000000000	0.5000	-1.4685	3.5492	4.7544	8.441	12.865	11.526	10.101	9.033	7.861	6.704	6.055	5.824	0.4787	0.0000	0.0	1	-14.009	0.000	2.8684780598	1
	0.015200	9.5315	0.5500000119	0.5500	-1.3038	3.5681	4.7065	8.030	12.214	10.865	9.460	8.450	7.408	6.343	5.680	5.469	0.4787	0.0000	0.0	1	-13.519	0.000	2.9166350365	1
	0.015200	9.5315	0.6000000238	0.6000	-1.1390	3.5914	4.6729	7.618	11.545	10.172	8.799	7.847	6.961	5.994	5.312	5.134	0.4787	0.0000	0.0	1	-13.072	0.000	2.9573988914	1
	0.015200	9.5315	0.6233121753	0.6233	-1.0603	3.6047	4.6637	7.421	11.215	9.824	8.483	7.560	6.750	5.828	5.140	4.984	0.4787	0.0000	0.0	1	-12.876	0.000	2.9743516445	1
	0.015200	9.5315	0.6499999762	0.6500	-0.9734	3.6193	4.6536	7.204	10.843	9.436	8.139	7.251	6.521	5.644	4.957	4.824	0.4787	0.0000	0.0	1	-12.660	0.000	2.9923686981	1
	0.015200	9.5315	0.6861326694	0.6861	-0.8573	3.6404	4.6452	6.913	10.249	8.873	7.663	6.836	6.218	5.406	4.738	4.635	0.4787	0.0000	0.0	1	-12.382	0.000	3.0145981312	1
	0.015200	9.5315	0.6999999881	0.7000	-0.8142	3.6482	4.6421	6.805	9.987	8.660	7.486	6.686	6.105	5.319	4.668	4.573	0.4787	0.0000	0.0	1	-12.279	0.000	3.0225379467	1
	0.015200	9.5315	0.7361211181	0.7361	-0.7030	3.6692	4.6367	6.528	9.227	8.102	7.032	6.317	5.814	5.103	4.513	4.433	0.4787	0.0000	0.0	1	-12.024	0.000	3.0418565273	1
	0.015200	9.5315	0.7500000000	0.7500	-0.6615	3.6770	4.6344	6.424	8.938	7.902	6.870	6.188	5.706	5.024	4.461	4.384	0.4787	0.0000	0.0	1	-11.925	0.000	3.0487992764	1
	0.015200	9.5315	0.7782835364	0.7782	-0.5822	3.6892	4.6199	6.226	8.480	7.568	6.591	5.958	5.505	4.864	4.339	4.268	0.4787	0.0000	0.0	1	-11.736	0.000	3.0622036457	1
	0.015200	9.5315	0.8000000119	0.7999	-0.5227	3.6983	4.6089	6.077	8.137	7.325	6.388	5.790	5.357	4.747	4.249	4.182	0.4787	0.0000	0.0	1	-11.616	0.000	3.0718705654	1
	0.015200	9.5315	0.8470891118	0.8470	-0.3966	3.7170	4.5826	5.761	7.461	6.839	5.979	5.446	5.048	4.499	4.056	3.996	0.4787	0.0000	0.0	1	-11.509	0.000	3.0911054611	1
	0.015200	9.5315	0.8500000238	0.8499	-0.3889	3.7181	4.5809	5.742	7.421	6.810	5.955	5.425	5.029	4.484	4.044	3.985	0.4787	0.0000	0.0	1	-11.512	0.000	3.0922229290	1
	0.015200	9.5315	0.8982029557	0.8981	-0.2642	3.7355	4.5494	5.430	6.811	6.365	5.577	5.098	4.730	4.239	3.845	3.792	0.4787	0.0000	0.0	1	-11.735	0.000	3.1096484661	1
	0.015200	9.5315	0.8999999762	0.8999	-0.2596	3.7361	4.5482	5.419	6.789	6.349	5.564	5.086	4.719	4.230	3.837	3.785	0.4787	0.0000	0.0	1	-11.749	0.000	3.1102609634	1
	0.015200	9.5315	0.9309207201	0.9308	-0.1812	3.7461	4.5245	5.223	6.431	6.080	5.336	4.886	4.536	4.076	3.708	3.660	0.4787	0.0000	0.0	1	-12.044	0.000	3.1204235554	1
	0.015200	9.5315	0.9499999881	0.9498	-0.1334	3.7521	4.5094	5.103	6.223	5.920	5.201	4.765	4.424	3.982	3.628	3.582	0.4787	0.0000	0.0	1	-12.258	0.000	3.1263561249	1
	0.015200	9.5315	0.9626744986	0.9625	-0.1016	3.7557	4.4980	5.024	6.094	5.818	5.113	4.686	4.350	3.918	3.572	3.527	0.4787	0.0000	0.0	1	-12.405	0.000	3.1301641464	1
	0.015200	9.5315	0.9849398136	0.9848	-0.0462	3.7620	4.4776	4.886	5.873	5.642	4.960	4.547	4.221	3.806	3.475	3.432	0.4787	0.0000	0.0	1	-12.666	0.000	3.1366105080	1
	0.015200	9.5315	1.0000000000	0.9998	-0.0090	3.7661	4.4633	4.793	5.729	5.523	4.858	4.455	4.135	3.731	3.410	3.368	0.4787	0.0000	0.0	1	-12.837	0.000	3.1408040524	1
	0.015200	9.5315	1.0090142488	1.0088	0.0133	3.7684	4.4540	4.737	5.644	5.454	4.798	4.400	4.083	3.686	3.370	3.329	0.4787	0.0000	0.0	1	-12.937	0.000	3.1432514191	1
	0.015200	9.5315	1.0308706760	1.0306	0.0671	3.7737	4.4308	4.602	5.443	5.285	4.653	4.268	3.961	3.578	3.273	3.235	0.4787	0.0000	0.0	1	-13.166	0.000	3.1489942074	1
	0.015200	9.5315	1.0499999523	1.0497	0.1139	3.7782	4.4099	4.485	5.271	5.140	4.527	4.155	3.855	3.484	3.189	3.153	0.4787	0.0000	0.0	1	-13.348	0.000	3.1538088322	1
	0.015200	9.5315	1.0626331568	1.0624	0.1447	3.7809	4.3952	4.408	5.158	5.046	4.446	4.081	3.786	3.422	3.133	3.098	0.4787	0.0000	0.0	1	-13.459	0.000	3.1568858624	1
	0.015200	9.5315	1.0820968151	1.0818	0.1921	3.7849	4.3718	4.290	4.983	4.902	4.324	3.972	3.683	3.328	3.045	3.013	0.4787	0.0000	0.0	1	-13.613	0.000	3.1614749432	1
	0.015200	9.5315	1.1000000238	1.0997	0.2353	3.7884	4.3495	4.182	4.825	4.772	4.213	3.872	3.589	3.241	2.962	2.933	0.4787	0.0000	0.0	1	-13.740	0.000	3.1655414104	1
	0.015200	9.5315	1.1032431126	1.1029	0.2431	3.7890	4.3454	4.162	4.797	4.748	4.193	3.854	3.572	3.225	2.947	2.919	0.4787	0.0000	0.0	1	-13.761	0.000	3.1662628651	1
	0.015200	9.5315	1.1209367514	1.1206	0.2853	3.7921	4.3224	4.057	4.654	4.624	4.084	3.754	3.477	3.137	2.865	2.838	0.4787	0.0000	0.0	1	-13.868	0.000	3.1701192856	1
	0.015200	9.5315	1.1371045113	1.1368	0.3231	3.7946	4.3010	3.962	4.532	4.515	3.987	3.664	3.391	3.056	2.789	2.763	0.4787	0.0000	0.0	1	-13.955	0.000	3.1735301018	1
	0.015200	9.5315	1.1499999762	1.1496	0.3523	3.7964	4.2837	3.889	4.441	4.432	3.912	3.594	3.324	2.993	2.729	2.704	0.4787	0.0000	0.0	1	-14.017	0.000	3.1761763096	1
	0.015200	9.5315	1.1510119438	1.1506	0.3545	3.7965	4.2824	3.884	4.434	4.425	3.906	3.589	3.319	2.989	2.724	2.700	0.4787	0.0000	0.0	1	-14.022	0.000	3.1763811111	1
	0.015200	9.5315	1.1679626703	1.1676	0.3901	3.7980	4.2591	3.795	4.329	4.327	3.815	3.502	3.235	2.908	2.646	2.622	0.4787	0.0000	0.0	1	-14.094	0.000	3.1797571182	1
	0.015200	9.5315	1.1830061674	1.1826	0.4198	3.7986	4.2373	3.720	4.249	4.248	3.740	3.429	3.163	2.837	2.577	2.553	0.4787	0.0000	0.0	1	-14.150	0.000	3.1826660633	1
	0.015200	9.5315	1.1964191198	1.1960	0.4441	3.7984	4.2171	3.660	4.190	4.188	3.679	3.368	3.101	2.775	2.515	2.491	0.4787	0.0000	0.0	1	-14.195	0.000	3.1851928234	1
	0.015200	9.5315	1.2000000477	1.1996	0.4501	3.7982	4.2117	3.645	4.178	4.174	3.665	3.353	3.086	2.759	2.499	2.475	0.4787	0.0000	0.0	1	-14.207	0.000	3.1858570576	1
	0.015200	9.5315	1.2066328526	1.2062	0.4619	3.7980	4.2016	3.615	4.151	4.145	3.635	3.323	3.056	2.729	2.468	2.444	0.4787	0.0000	0.0	1	-14.227	0.000	3.1870763302	1
	0.015200	9.5315	1.2500000000	1.2495	0.5370	3.7962	4.1344	3.428	3.985	3.965	3.448	3.132	2.862	2.530	2.267	2.242	0.4787	0.0000	0.1	1	-14.337	0.000	3.1947042942	1
	0.015200	9.5315	1.2794196606	1.2789	0.5881	3.7935	4.0829	3.300	3.887	3.850	3.322	2.999	2.726	2.388	2.121	2.094	0.4787	0.0000	0.1	1	-14.395	0.000	3.1995589733	1
	0.015200	9.5315	1.2999999523	1.2994	0.6252	3.7914	4.0444	3.207	3.818	3.768	3.231	2.903	2.626	2.284	2.013	1.985	0.4787	0.0000	0.1	1	-14.430	0.000	3.2028071880	1
	0.015200	9.5315	1.3199809790	1.3194	0.6631	3.7888	4.0024	3.112	3.756	3.688	3.138	2.803	2.522	2.174	1.899	1.869	0.4787	0.0000	0.1	1	-14.460	0.000	3.2058513165	1
	0.015200	9.5315	1.3365222216	1.3359	0.7316	3.7935	3.9580	2.941	3.533	3.487	2.961	2.640	2.367	2.029	1.763	1.735	0.4787	0.0000	0.1	1	-14.482	0.000	3.2082931995	1
	0.015200	9.5315	1.3390294313	1.3384	0.7703	3.7988	3.9415	2.844	3.380	3.358	2.859	2.551	2.287	1.962	1.705	1.680	0.4787	0.0000	0.1	1	-14.485	0.000	3.2086575031	1
	0.015200	9.5315	1.3400551081	1.3394	0.8106	3.8039	3.9219	2.744	3.243	3.231	2.752	2.456	2.200	1.887	1.641	1.618	0.4787	0.0000	0.1	1	-14.486	0.000	3.2088060379	1
	0.015200	9.5315	1.3403668404	1.3397	0.8266	3.8056	3.9129	2.703	3.192	3.182	2.710	2.417	2.165	1.856	1.614	1.590	0.4787	0.0000	0.1	1	-14.487	0.000	3.2088510990	2
	0.015200	9.5315	1.3410283327	1.3404	0.8198	3.8016	3.9038	2.720	3.235	3.218	2.731	2.430	2.171	1.853	1.602	1.578	0.4787	0.0000	0.1	1	-14.488	0.000	3.2089467049	2
	0.015200	9.5315	1.3500000238	1.3493	0.8443	3.7859	3.8193	2.659	3.347	3.247	2.685	2.343	2.059	1.704	1.427	1.394	0.4787	0.0000	0.1	1	-14.499	0.000	3.2102327347	2
	0.015200	9.5315	1.3562470675	1.3556	0.8504	3.7773	3.7809	2.644	3.434	3.285	2.681	2.316	2.017	1.641	1.348	1.311	0.4787	0.0000	0.1	1	-14.506	0.000	3.2111170292	2
	0.015200	9.5315	1.3609863520	1.3603	0.8379	3.7662	3.7508	2.675	3.571	3.385	2.736	2.346	2.028	1.621	1.301	1.260	0.4787	0.0000	0.1	1	-14.512	0.000	3.2117817402	2
	0.015200	9.5315	1.3639972210	1.3633	0.8137	3.7559	3.7347	2.736	3.745	3.508	2.819	2.408	2.073	1.637	1.292	1.248	0.4787	0.0000	0.1	1	-14.515	0.000	3.2122011185	2
	0.015200	9.5315	1.3660753965	1.3654	0.7868	3.7471	3.7268	2.803	3.920	3.632	2.909	2.477	2.128	1.667	1.300	1.254	0.4787	0.0000	0.1	1	-14.517	0.000	3.2124896049	2
	0.015200	9.5315	1.3680102825	1.3673	0.7585	3.7381	3.7199	2.874	4.110	3.761	3.004	2.553	2.190	1.701	1.311	1.263	0.4787	0.0000	0.1	1	-14.519	0.000	3.2127571106	2
	0.015200	9.5315	1.3698524237	1.3692	0.7349	3.7296	3.7101	2.933	4.290	3.880	3.090	2.618	2.241	1.726	1.314	1.263	0.4787	0.0000	0.1	1	-14.522	0.000	3.2130110264	2
	0.015200	9.5315	1.3724570274	1.3718	0.7231	3.7192	3.6811	2.962	4.482	3.988	3.157	2.659	2.265	1.716	1.276	1.221	0.4787	0.0000	0.1	1	-14.524	0.000	3.2133686543	2
	0.015200	9.5315	1.3760457039	1.3753	0.7507	3.7092	3.6145	2.893	4.575	3.998	3.129	2.605	2.193	1.611	1.141	1.082	0.4787	0.0000	0.1	1	-14.528	0.000	3.2138590813	2
	0.015200	9.5315	1.3767962456	1.3761	0.7610	3.7075	3.5977	2.868	4.578	3.986	3.110	2.582	2.167	1.579	1.105	1.045	0.4787	0.0000	0.1	1	-14.529	0.000	3.2139613628	3
	0.015200	9.5315	1.3789018393	1.3782	0.8048	3.7039	3.5399	2.758	4.525	3.907	3.017	2.479	2.057	1.457	0.972	0.911	0.4787	0.0000	0.2	1	-14.531	0.000	3.2142472267	3
	0.015200	9.5315	1.3811223507	1.3804	0.8595	3.7007	3.4732	2.621	4.439	3.797	2.894	2.348	1.920	1.309	0.815	0.753	0.4787	0.0000	0.2	1	-14.534	0.000	3.2145478725	3
	0.015200	9.5315	1.3834061623	1.3827	0.9200	3.6981	3.4029	2.470	4.335	3.670	2.754	2.202	1.769	1.148	0.647	0.584	0.4787	0.0000	0.2	1	-14.536	0.000	3.2148556709	3
	0.015200	9.5315	1.3857054710	1.3850	0.9841	3.6956	3.3296	2.310	4.220	3.534	2.606	2.047	1.609	0.979	0.471	0.407	0.4787	0.0000	0.2	1	-14.538	0.000	3.2151646614	3
	0.015200	9.5315	1.3878126144	1.3871	1.0463	3.6932	3.2587	2.154	4.108	3.401	2.461	1.896	1.454	0.815	0.300	0.236	0.4787	0.0000	0.3	1	-14.540	0.000	3.2154467106	3
	0.015200	9.5315	1.3896394968	1.3889	1.1011	3.6910	3.1958	2.017	4.011	3.285	2.334	1.764	1.317	0.671	0.149	0.084	0.4787	0.0000	0.3	1	-14.542	0.000	3.2156906128	3
	0.015200	9.5315	1.3913377523	1.3906	1.1524	3.6890	3.1367	1.889	3.921	3.177	2.216	1.640	1.189	0.535	0.008	-0.058	0.4787	0.0000	0.3	1	-14.544	0.000	3.2159163952	3
	0.015200	9.5315	1.3928741217	1.3921	1.1975	3.6871	3.0846	1.776	3.844	3.084	2.113	1.532	1.077	0.416	-0.117	-0.183	0.4787	0.0000	0.4	1	-14.545	0.000	3.2161202431	3
	0.015200	9.5315	1.3942531347	1.3934	1.2380	3.6854	3.0377	1.675	3.776	3.000	2.021	1.435	0.977	0.309	-0.228	-0.296	0.4787	0.0000	0.4	1	-14.547	0.000	3.2163028717	3
	0.015200	9.5315	1.3955070972	1.3947	1.2797	3.6836	2.9890	1.571	3.707	2.915	1.926	1.336	0.873	0.199	-0.344	-0.412	0.4787	0.0000	0.4	1	-14.548	0.000	3.2164685726	3
	0.015200	9.5315	1.3966032267	1.3958	1.3228	3.6815	2.9382	1.463	3.639	2.827	1.829	1.233	0.766	0.085	-0.464	-0.533	0.4787	0.0000	0.5	1	-14.549	0.000	3.2166130543	3
	0.015200	9.5315	1.3976061344	1.3967	1.3702	3.6792	2.8818	1.344	3.566	2.732	1.723	1.121	0.649	-0.041	-0.597	-0.668	0.4787	0.0000	0.5	1	-14.550	0.000	3.2167451382	3
	0.015200	9.5315	1.3984551430	1.3976	1.4138	3.6770	2.8296	1.235	3.503	2.646	1.627	1.018	0.542	-0.157	-0.720	-0.791	0.4787	0.0000	0.5	1	-14.551	0.000	3.2168564796	3
	0.015200	9.5315	1.3992261887	1.3983	1.4560	3.6748	2.7789	1.130	3.442	2.564	1.535	0.919	0.438	-0.269	-0.839	-0.911	0.4787	0.0000	0.6	1	-14.551	0.000	3.2169578075	3
	0.015200	9.5315	1.3999110460	1.3990	1.4952	3.6727	2.7316	1.032	3.387	2.488	1.449	0.828	0.342	-0.373	-0.949	-1.023	0.4787	0.0000	0.6	1	-14.552	0.000	3.2170476913	3
	0.015200	9.5315	1.3999999762	1.3990	1.5002	3.6725	2.7255	1.020	3.380	2.478	1.438	0.816	0.329	-0.387	-0.964	-1.038	0.4787	0.0000	0.7	1	-14.552	0.000	3.2170591354	3
	0.015200	9.5315	1.4009494781	1.4000	1.5461	3.6700	2.6699	0.905	3.317	2.390	1.337	0.709	0.216	-0.509	-1.093	-1.169	0.4787	0.0000	0.7	1	-14.553	0.000	3.2171835899	3
	0.015200	9.5315	1.4024908543	1.4014	1.5956	3.6673	2.6102	0.781	3.250	2.295	1.231	0.594	0.095	-0.640	-1.233	-1.310	0.4787	0.0000	0.8	1	-14.554	0.000	3.2173848152	3
	0.015200	9.5315	1.4035326242	1.4024	1.5508	3.6704	2.6677	0.893	3.295	2.373	1.323	0.696	0.204	-0.519	-1.102	-1.178	0.4787	0.0000	0.7	1	-14.555	0.000	3.2175207138	3
	0.015200	9.5315	1.4038933516	1.4028	1.5239	3.6721	2.7014	0.960	3.328	2.423	1.380	0.758	0.270	-0.447	-1.025	-1.099	0.4787	0.0000	0.7	1	-14.555	0.000	3.2175676823	3
	0.015200	9.5315	1.4041166306	1.4030	1.5384	3.6713	2.6839	0.924	3.308	2.395	1.349	0.724	0.235	-0.486	-1.066	-1.141	0.4787	0.0000	0.7	1	-14.556	0.000	3.2175967693	3
	0.015200	9.5315	1.4048649073	1.4037	1.5819	3.6688	2.6306	0.815	3.251	2.313	1.255	0.623	0.128	-0.602	-1.190	-1.266	0.4787	0.0000	0.8	1	-14.556	0.000	3.2176940441	3
	0.015200	9.5315	1.4055995941	1.4044	1.6259	3.6663	2.5767	0.705	3.195	2.231	1.161	0.522	0.021	-0.719	-1.315	-1.393	0.4787	0.0000	0.8	1	-14.557	0.000	3.2177894115	3
	0.015200	9.5315	1.4063078165	1.4050	1.6706	3.6637	2.5218	0.594	3.140	2.148	1.066	0.419	-0.088	-0.838	-1.442	-1.521	0.4787	0.0000	0.9	1	-14.557	0.000	3.2178814411	3
	0.015200	9.5315	1.4069538116	1.4056	1.7141	3.6611	2.4679	0.485	3.096	2.071	0.974	0.318	-0.195	-0.955	-1.566	-1.648	0.4787	0.0000	1.0	1	-14.558	0.000	3.2179651260	3
	0.015200	9.5315	1.4075618982	1.4062	1.7582	3.6584	2.4133	0.375	3.061	1.998	0.883	0.217	-0.303	-1.073	-1.693	-1.775	0.4787	0.0000	1.1	1	-14.558	0.000	3.2180438042	3
	0.015200	9.5315	1.4081238508	1.4067	1.8020	3.6557	2.3588	0.265	3.029	1.926	0.793	0.117	-0.410	-1.191	-1.818	-1.903	0.4787	0.0000	1.2	1	-14.558	0.000	3.2181165218	3
	0.015200	9.5315	1.4086329937	1.4071	1.8447	3.6529	2.3053	0.158	3.001	1.858	0.706	0.020	-0.514	-1.306	-1.941	-2.027	0.4787	0.0000	1.4	1	-14.559	0.000	3.2181823254	3
	0.015200	9.5315	1.4091136456	1.4075	1.8879	3.6502	2.2514	0.050	2.972	1.788	0.618	-0.078	-0.620	-1.422	-2.065	-2.153	0.4787	0.0000	1.5	1	-14.559	0.000	3.2182443142	3
	0.015200	9.5315	1.4095566273	1.4079	1.9306	3.6474	2.1976	-0.057	2.949	1.723	0.533	-0.173	-0.723	-1.536	-2.188	-2.278	0.4787	0.0000	1.6	1	-14.559	0.000	3.2183015347	3
	0.015200	9.5315	1.4099720716	1.4082	1.9742	3.6446	2.1428	-0.165	2.925	1.656	0.447	-0.270	-0.829	-1.653	-2.313	-2.405	0.4787	0.0000	1.8	1	-14.559	0.000	3.2183551788	3
	0.015200	9.5315	1.4103462696	1.4085	2.0165	3.6417	2.0890	-0.271	2.906	1.593	0.364	-0.364	-0.931	-1.767	-2.436	-2.530	0.4787	0.0000	2.0	1	-14.559	0.000	3.2184033394	3
	0.015200	9.5315	1.4106916189	1.4088	2.0587	3.6388	2.0355	-0.377	2.889	1.531	0.283	-0.456	-1.032	-1.880	-2.558	-2.654	0.4787	0.0000	2.2	1	-14.559	0.000	3.2184479237	3
	0.015200	9.5315	1.4110155106	1.4090	2.1014	3.6359	1.9810	-0.484	2.877	1.471	0.203	-0.547	-1.135	-1.994	-2.681	-2.779	0.4787	0.0000	2.4	1	-14.558	0.000	3.2184894085	3
	0.015200	9.5315	1.4113086462	1.4092	2.1432	3.6330	1.9276	-0.588	2.875	1.415	0.125	-0.637	-1.235	-2.107	-2.802	-2.902	0.4787	0.0000	2.6	1	-14.558	0.000	3.2185273170	3
	0.015200	9.5315	1.4115849733	1.4093	2.1856	3.6300	1.8734	-0.694	2.871	1.358	0.046	-0.729	-1.336	-2.221	-2.924	-3.027	0.4787	0.0000	2.9	1	-14.558	0.000	3.2185628414	3
	0.015200	9.5315	1.4118361473	1.4094	2.2271	3.6270	1.8200	-0.798	2.871	1.306	-0.028	-0.814	-1.435	-2.332	-3.043	-3.150	0.4787	0.0000	3.1	1	-14.557	0.000	3.2185950279	3
	0.015200	9.5315	1.4120696783	1.4095	2.2687	3.6240	1.7665	-0.902	2.870	1.253	-0.102	-0.901	-1.534	-2.443	-3.163	-3.272	0.4787	0.0000	3.5	1	-14.557	0.000	3.2186250687	3
	0.015200	9.5315	1.4122872353	1.4096	2.3105	3.6210	1.7125	-1.006	2.871	1.202	-0.176	-0.988	-1.633	-2.555	-3.283	-3.395	0.4787	0.0000	3.8	1	-14.556	0.000	3.2186529636	3
	0.015200	9.5315	1.4124861956	1.4096	2.3516	3.6179	1.6591	-1.109	2.872	1.152	-0.247	-1.070	-1.730	-2.665	-3.402	-3.517	0.4787	0.0000	4.2	1	-14.555	0.000	3.2186784744	3
	0.015200	9.5315	1.4126735926	1.4096	2.3933	3.6149	1.6052	-1.213	2.871	1.102	-0.318	-1.154	-1.828	-2.776	-3.522	-3.640	0.4787	0.0000	4.6	1	-14.554	0.000	3.2187025547	3
	0.015200	9.5315	1.4128437042	1.4096	2.4341	3.6117	1.5519	-1.315	2.874	1.055	-0.386	-1.235	-1.924	-2.885	-3.639	-3.761	0.4787	0.0000	5.0	1	-14.553	0.000	3.2187244892	3
	0.015200	9.5315	1.4130002260	1.4095	2.4744	3.6087	1.4993	-1.416	2.875	1.009	-0.453	-1.314	-2.018	-2.992	-3.755	-3.880	0.4787	0.0000	5.5	1	-14.552	0.000	3.2187445164	3
	0.015200	9.5315	1.4131486416	1.4094	2.5156	3.6055	1.4455	-1.519	2.866	0.958	-0.518	-1.389	-2.114	-3.102	-3.873	-4.002	0.4787	0.0000	6.0	1	-14.550	0.000	3.2187635899	3
	0.015200	9.5315	1.4132823944	1.4093	2.5553	3.6023	1.3929	-1.618	2.861	0.912	-0.580	-1.461	-2.205	-3.207	-3.988	-4.121	0.4787	0.0000	6.6	1	-14.549	0.000	3.2187807560	3
	0.015200	9.5315	1.4134089947	1.4091	2.5956	3.5991	1.3398	-1.719	2.855	0.864	-0.642	-1.532	-2.298	-3.314	-4.104	-4.242	0.4787	0.0000	7.2	1	-14.547	0.000	3.2187969685	3
	0.015200	9.5315	1.4135261774	1.4090	2.6356	3.5958	1.2867	-1.819	2.849	0.821	-0.698	-1.597	-2.390	-3.421	-4.220	-4.362	0.4787	0.0000	8.0	1	-14.545	0.000	3.2188119888	3
	0.015200	9.5315	1.4136341810	1.4087	2.6749	3.5926	1.2343	-1.917	2.845	0.779	-0.753	-1.661	-2.480	-3.525	-4.333	-4.480	0.4787	0.0000	8.7	1	-14.542	0.000	3.2188258171	3
	0.015200	9.5315	1.4137349129	1.4085	2.7140	3.5893	1.1821	-2.015	2.842	0.738	-0.806	-1.722	-2.569	-3.630	-4.447	-4.598	0.4787	0.0000	9.5	1	-14.539	0.000	3.2188386917	3
	0.015200	9.5315	1.4138306379	1.4082	2.7534	3.5859	1.1289	-2.113	2.839	0.700	-0.851	-1.773	-2.658	-3.736	-4.561	-4.718	0.4787	0.0000	10.5	1	-14.536	0.000	3.2188508511	3
	0.015200	9.5315	1.4139183760	1.4079	2.7919	3.5826	1.0769	-2.210	2.838	0.664	-0.895	-1.824	-2.746	-3.839	-4.673	-4.835	0.4787	0.0000	11.5	1	-14.533	0.000	3.2188622952	3
	0.015200	9.5315	1.4140008688	1.4075	2.8305	3.5792	1.0249	-2.306	2.836	0.628	-0.936	-1.872	-2.833	-3.942	-4.786	-4.952	0.4787	0.0000	12.6	1	-14.529	0.000	3.2188727856	3
	0.015200	9.5315	1.4140770435	1.4071	2.8682	3.5757	0.9730	-2.401	2.851	0.610	-0.962	-1.909	-2.916	-4.045	-4.895	-5.067	0.4787	0.0000	13.8	1	-14.525	0.000	3.2188825607	3
	0.015200	9.5315	1.4141649008	1.4065	2.9147	3.5713	0.9087	-2.517	2.894	0.598	-0.996	-1.960	-3.019	-4.172	-5.026	-5.208	0.4787	0.0000	15.4	1	-14.519	0.000	3.2188937664	3
	0.015200	9.5315	1.4142462015	1.4058	2.9608	3.5669	0.8446	-2.632	2.940	0.596	-1.014	-1.998	-3.116	-4.299	-5.157	-5.348	0.4787	0.0000	17.3	1	-14.512	0.000	3.2189042568	3
	0.015200	9.5315	1.4143214226	1.4051	3.0062	3.5624	0.7811	-2.746	2.991	0.596	-1.027	-2.032	-3.212	-4.423	-5.285	-5.486	0.4787	0.0000	19.3	1	-14.504	0.000	3.2189137936	3
	0.015200	9.5315	1.4143915176	1.4043	3.0514	3.5579	0.7174	-2.859	3.046	0.606	-1.027	-2.057	-3.305	-4.547	-5.413	-5.624	0.4787	0.0000	21.7	1	-14.495	0.000	3.2189228535	3
	0.015200	9.5315	1.4144562483	1.4033	3.0961	3.5533	0.6542	-2.970	3.106	0.625	-1.011	-2.069	-3.394	-4.670	-5.539	-5.760	0.4787	0.0000	24.2	1	-14.485	0.000	3.2189309597	3
	0.015200	9.5315	1.4145160913	1.4023	3.1401	3.5486	0.5913	-3.080	3.170	0.651	-0.985	-2.073	-3.479	-4.791	-5.664	-5.896	0.4787	0.0000	27.1	1	-14.125	0.000	3.2189388275	3
	0.015200	9.5315	1.4145710468	1.4011	3.1830	3.5440	0.5294	-3.187	3.234	0.697	-0.932	-2.058	-3.554	-4.909	-5.786	-6.028	0.4787	0.0000	30.3	1	-13.656	0.000	3.2189457417	3
	0.015200	9.5315	1.4146236181	1.3997	3.2264	3.5392	0.4664	-3.296	3.275	0.742	-0.871	-2.038	-3.627	-5.029	-5.910	-6.163	0.4787	0.0000	33.9	1	-13.176	0.000	3.2189524174	3
	0.015200	9.5315	1.4146717787	1.3983	3.2684	3.5344	0.4047	-3.401	3.289	0.820	-0.768	-1.998	-3.676	-5.145	-6.033	-6.294	0.4787	0.0000	38.0	1	-12.703	0.000	3.2189586163	3
	0.015200	9.5315	1.4147179127	1.3966	3.3108	3.5295	0.3422	-3.507	3.310	0.903	-0.658	-1.953	-3.724	-5.263	-6.156	-6.426	0.4787	0.0000	42.5	1	-12.222	0.000	3.2189645767	3
	0.015200	9.5315	1.4147602320	1.3947	3.3513	3.5247	0.2818	-3.608	3.347	1.064	-0.473	-1.879	-3.727	-5.379	-6.277	-6.555	0.4787	0.0000	47.5	1	-11.754	0.000	3.2189700603	3
	0.015200	9.5315	1.4148051739	1.3924	3.3926	3.5196	0.2195	-3.712	3.391	1.231	-0.281	-1.799	-3.731	-5.498	-6.399	-6.686	0.4787	0.0000	53.3	1	-11.267	0.000	3.2189757824	4
	0.015200	9.5315	1.4148051739	1.3923	1.7331	3.6752	2.5013	0.437	2.727	1.865	0.834	0.227	-0.253	-0.961	-1.527	-1.600	0.4787	0.0000	1.0	1	-14.545	0.000	3.2189757824	4
	0.015200	9.5315	1.4152456522	1.3928	1.7467	3.6740	2.4833	0.403	2.720	1.844	0.806	0.196	-0.287	-0.999	-1.568	-1.642	0.4787	0.0000	1.0	1	-14.545	0.000	3.2190320492	4
	0.015200	9.5315	1.4156924486	1.3933	1.7520	3.6738	2.4771	0.390	2.714	1.834	0.795	0.184	-0.300	-1.013	-1.583	-1.657	0.4787	0.0000	1.0	1	-14.546	0.000	3.2190890312	4
	0.015200	9.5315	1.4161438942	1.3938	1.7519	3.6740	2.4783	0.390	2.710	1.832	0.794	0.183	-0.300	-1.012	-1.581	-1.655	0.4787	0.0000	1.0	1	-14.546	0.000	3.2191467285	4
	0.015200	9.5315	1.4166041613	1.3944	1.7506	3.6743	2.4811	0.394	2.705	1.831	0.795	0.186	-0.297	-1.007	-1.576	-1.650	0.4787	0.0000	1.0	1	-14.547	0.000	3.2192053795	4
	0.015200	9.5315	1.4170618057	1.3949	1.7493	3.6747	2.4839	0.397	2.700	1.831	0.796	0.188	-0.294	-1.003	-1.571	-1.644	0.4787	0.0000	1.0	1	-14.547	0.000	3.2192637920	4
	0.015200	9.5315	1.4175300598	1.3954	1.7480	3.6750	2.4867	0.400	2.695	1.830	0.797	0.190	-0.291	-0.999	-1.565	-1.639	0.4787	0.0000	1.0	1	-14.548	0.000	3.2193233967	4
	0.015200	9.5315	1.4179701805	1.3959	1.7469	3.6753	2.4892	0.403	2.691	1.829	0.798	0.192	-0.288	-0.995	-1.561	-1.634	0.4787	0.0000	1.0	1	-14.548	0.000	3.2193794250	4
	0.015200	9.5315	1.4184337854	1.3964	1.7458	3.6756	2.4917	0.406	2.686	1.829	0.799	0.194	-0.286	-0.991	-1.556	-1.629	0.4787	0.0000	1.0	1	-14.549	0.000	3.2194385529	4
	0.015200	9.5315	1.4188774824	1.3969	1.7448	3.6759	2.4941	0.408	2.682	1.828	0.799	0.196	-0.283	-0.988	-1.552	-1.624	0.4787	0.0000	1.0	1	-14.549	0.000	3.2194948196	4
	0.015200	9.5315	1.4193528891	1.3974	1.7442	3.6762	2.4961	0.410	2.676	1.826	0.799	0.197	-0.282	-0.985	-1.548	-1.621	0.4787	0.0000	1.0	1	-14.550	0.000	3.2195553780	4
	0.015200	9.5315	1.4197885990	1.3979	1.7438	3.6765	2.4976	0.410	2.671	1.824	0.799	0.197	-0.281	-0.983	-1.546	-1.618	0.4787	0.0000	1.0	1	-14.550	0.000	3.2196106911	4
	0.015200	9.5315	1.4202717543	1.3985	1.7435	3.6767	2.4991	0.411	2.666	1.822	0.798	0.197	-0.280	-0.982	-1.543	-1.616	0.4787	0.0000	1.0	1	-14.551	0.000	3.2196719646	4
	0.015200	9.5315	1.4207044840	1.3990	1.7435	3.6769	2.5001	0.411	2.662	1.820	0.797	0.196	-0.280	-0.981	-1.542	-1.614	0.4787	0.0000	1.0	1	-14.551	0.000	3.2197268009	4
	0.015200	9.5315	1.4211229086	1.3994	1.7435	3.6771	2.5009	0.411	2.658	1.818	0.796	0.196	-0.281	-0.981	-1.541	-1.613	0.4787	0.0000	1.0	1	-14.552	0.000	3.2197797298	4
	0.015200	9.5315	1.4211784601	1.3995	1.7435	3.6771	2.5010	0.411	2.658	1.818	0.795	0.196	-0.281	-0.981	-1.541	-1.613	0.4787	0.0000	1.0	1	-14.552	0.000	3.2197868824	4
	0.015200	9.5315	1.4216215611	1.4000	1.7437	3.6773	2.5017	0.411	2.654	1.815	0.794	0.195	-0.281	-0.981	-1.540	-1.612	0.4787	0.0000	1.0	1	-14.552	0.000	3.2198429108	4
	0.015200	9.5315	1.4216275215	1.4000	1.7437	3.6773	2.5017	0.411	2.654	1.815	0.794	0.195	-0.281	-0.981	-1.540	-1.612	0.4787	0.0000	1.0	1	-14.552	0.000	3.2198436260	4
	0.015200	9.5315	1.4217379093	1.4001	1.7437	3.6773	2.5018	0.411	2.653	1.815	0.794	0.195	-0.281	-0.980	-1.540	-1.612	0.4787	0.0000	1.0	1	-14.552	0.000	3.2198574543	4
	0.015200	9.5315	1.4222022295	1.4006	1.7440	3.6775	2.5023	0.410	2.649	1.813	0.792	0.193	-0.282	-0.981	-1.540	-1.612	0.4787	0.0000	1.0	1	-14.553	0.000	3.2199163437	4
	0.015200	9.5315	1.4227186441	1.4012	1.7446	3.6776	2.5023	0.409	2.645	1.810	0.790	0.192	-0.284	-0.982	-1.541	-1.613	0.4787	0.0000	1.0	1	-14.554	0.000	3.2199814320	4
	0.015200	9.5315	1.4232081175	1.4018	1.7454	3.6777	2.5020	0.406	2.641	1.807	0.787	0.189	-0.286	-0.984	-1.542	-1.614	0.4787	0.0000	1.0	1	-14.554	0.000	3.2200434208	4
	0.015200	9.5315	1.4236961603	1.4023	1.7465	3.6777	2.5013	0.404	2.637	1.804	0.784	0.186	-0.289	-0.986	-1.545	-1.616	0.4787	0.0000	1.0	1	-14.555	0.000	3.2201049328	4
	0.015200	9.5315	1.4241732359	1.4028	1.7478	3.6778	2.5002	0.400	2.633	1.800	0.781	0.183	-0.292	-0.990	-1.548	-1.620	0.4787	0.0000	1.0	1	-14.555	0.000	3.2201650143	4
	0.015200	9.5315	1.4246195555	1.4033	1.7493	3.6777	2.4988	0.397	2.630	1.797	0.777	0.180	-0.295	-0.993	-1.552	-1.623	0.4787	0.0000	1.0	1	-14.556	0.000	3.2202212811	4
	0.015200	9.5315	1.4246658087	1.4034	1.7495	3.6777	2.4986	0.396	2.630	1.796	0.777	0.179	-0.296	-0.994	-1.552	-1.624	0.4787	0.0000	1.0	1	-14.556	0.000	3.2202270031	4
	0.015200	9.5315	1.4251298904	1.4039	1.7514	3.6777	2.4966	0.392	2.627	1.792	0.772	0.174	-0.301	-0.999	-1.557	-1.629	0.4787	0.0000	1.0	1	-14.556	0.000	3.2202854156	4
	0.015200	9.5315	1.4256287813	1.4044	1.7538	3.6776	2.4939	0.385	2.624	1.788	0.767	0.169	-0.307	-1.005	-1.564	-1.636	0.4787	0.0000	1.0	1	-14.557	0.000	3.2203481197	4
	0.015200	9.5315	1.4260967970	1.4050	1.7567	3.6774	2.4906	0.378	2.621	1.783	0.761	0.162	-0.314	-1.013	-1.572	-1.644	0.4787	0.0000	1.0	1	-14.557	0.000	3.2204070091	4
	0.015200	9.5315	1.4265708923	1.4055	1.7601	3.6772	2.4864	0.370	2.619	1.777	0.754	0.154	-0.322	-1.022	-1.582	-1.654	0.4787	0.0000	1.0	1	-14.558	0.000	3.2204666138	4
	0.015200	9.5315	1.4270472527	1.4060	1.7642	3.6768	2.4811	0.359	2.617	1.771	0.745	0.144	-0.333	-1.034	-1.595	-1.667	0.4787	0.0000	1.0	1	-14.558	0.000	3.2205264568	4
	0.015200	9.5315	1.4275250435	1.4065	1.7688	3.6764	2.4751	0.348	2.615	1.764	0.736	0.134	-0.344	-1.047	-1.608	-1.681	0.4787	0.0000	1.0	1	-14.559	0.000	3.2205862999	4
	0.015200	9.5315	1.4279931784	1.4071	1.7739	3.6760	2.4685	0.335	2.612	1.756	0.726	0.122	-0.357	-1.061	-1.624	-1.696	0.4787	0.0000	1.0	1	-14.559	0.000	3.2206449509	4
	0.015200	9.5315	1.4284628630	1.4076	1.7796	3.6756	2.4611	0.321	2.609	1.747	0.714	0.109	-0.371	-1.077	-1.641	-1.714	0.4787	0.0000	1.0	1	-14.560	0.000	3.2207036018	4
	0.015200	9.5315	1.4289296865	1.4081	1.7818	3.6755	2.4589	0.316	2.606	1.743	0.709	0.104	-0.376	-1.082	-1.647	-1.719	0.4787	0.0000	1.0	1	-14.560	0.000	3.2207620144	4
	0.015200	9.5315	1.4294080734	1.4086	1.7926	3.6745	2.4442	0.288	2.604	1.728	0.688	0.080	-0.403	-1.113	-1.680	-1.753	0.4787	0.0000	1.1	1	-14.560	0.000	3.2208218575	4
	0.015200	9.5315	1.4298821688	1.4092	1.8152	3.6724	2.4135	0.232	2.599	1.696	0.644	0.028	-0.458	-1.176	-1.749	-1.824	0.4787	0.0000	1.1	1	-14.561	0.000	3.2208812237	4
	0.015200	9.5315	1.4303296804	1.4097	1.8547	3.6688	2.3597	0.133	2.592	1.641	0.567	-0.060	-0.555	-1.286	-1.870	-1.947	0.4787	0.0000	1.2	1	-14.561	0.000	3.2209370136	4
	0.015200	9.5315	1.4305359125	1.4099	1.8937	3.6654	2.3071	0.036	2.584	1.587	0.492	-0.147	-0.650	-1.394	-1.988	-2.067	0.4787	0.0000	1.4	1	-14.561	0.000	3.2209627628	4
	0.015200	9.5315	1.4306424856	1.4100	1.9339	3.6619	2.2528	-0.065	2.576	1.532	0.415	-0.237	-0.748	-1.506	-2.110	-2.191	0.4787	0.0000	1.5	1	-14.561	0.000	3.2209761143	4
	0.015200	9.5315	1.4306954145	1.4101	1.9739	3.6584	2.1989	-0.165	2.570	1.477	0.339	-0.325	-0.845	-1.616	-2.231	-2.314	0.4787	0.0000	1.6	1	-14.561	0.000	3.2209825516	4
	0.015200	9.5315	1.4307225943	1.4101	2.0157	3.6549	2.1430	-0.269	2.564	1.421	0.260	-0.417	-0.946	-1.731	-2.356	-2.441	0.4787	0.0000	1.8	1	-14.561	0.000	3.2209861279	4
	0.015200	9.5315	1.4307366610	1.4101	2.0544	3.6515	2.0910	-0.366	2.560	1.370	0.187	-0.501	-1.040	-1.837	-2.472	-2.560	0.4787	0.0000	2.0	1	-14.560	0.000	3.2209877968	4
	0.015200	9.5315	1.4307458401	1.4101	2.0917	3.6484	2.0413	-0.459	2.557	1.321	0.118	-0.582	-1.129	-1.939	-2.583	-2.673	0.4787	0.0000	2.1	1	-14.560	0.000	3.2209889889	4
	0.015200	9.5315	1.4307467937	1.4101	2.0958	3.6481	2.0359	-0.469	2.556	1.315	0.111	-0.591	-1.139	-1.950	-2.596	-2.685	0.4787	0.0000	2.2	1	-14.560	0.000	3.2209889889	7
	0.015200	9.5315	1.4307469130	1.4101	2.0964	3.6481	2.0351	-0.471	2.556	1.315	0.110	-0.592	-1.140	-1.952	-2.597	-2.687	0.4787	0.0000	2.2	1	-14.560	0.000	3.2209889889	7
	0.015200	9.5315	1.4307533503	1.4101	2.1305	3.6452	1.9897	-0.556	2.557	1.271	0.047	-0.666	-1.222	-2.045	-2.699	-2.791	0.4787	0.0000	2.3	1	-14.560	0.000	3.2209899426	7
	0.015200	9.5315	1.4307608604	1.4101	2.1712	3.6419	1.9357	-0.658	2.566	1.221	-0.027	-0.753	-1.319	-2.156	-2.820	-2.914	0.4787	0.0000	2.6	1	-14.559	0.000	3.2209908962	7
	0.015200	9.5315	1.4307687283	1.4102	2.2099	3.6387	1.8843	-0.755	2.575	1.175	-0.096	-0.836	-1.412	-2.262	-2.934	-3.031	0.4787	0.0000	2.8	1	-14.559	0.000	3.2209918499	7
	0.015200	9.5315	1.4307862520	1.4102	2.2156	3.6383	1.8769	-0.769	2.575	1.167	-0.107	-0.848	-1.426	-2.277	-2.951	-3.048	0.4787	0.0000	2.8	1	-14.559	0.000	3.2209939957	7
	0.015200	9.5315	1.4308053255	1.4102	2.1754	3.6416	1.9304	-0.669	2.564	1.215	-0.035	-0.763	-1.330	-2.168	-2.832	-2.926	0.4787	0.0000	2.6	1	-14.559	0.000	3.2209963799	7
	0.015200	9.5315	1.4308764935	1.4103	2.1362	3.6449	1.9825	-0.571	2.555	1.263	0.036	-0.678	-1.236	-2.061	-2.715	-2.808	0.4787	0.0000	2.4	1	-14.560	0.000	3.2210052013	7
	0.015200	9.5315	1.4312760830	1.4107	2.1633	3.6425	1.9464	-0.638	2.564	1.231	-0.012	-0.736	-1.301	-2.135	-2.796	-2.890	0.4787	0.0000	2.5	1	-14.560	0.000	3.2210550308	7
	0.015200	9.5315	1.4314670563	1.4109	2.2023	3.6393	1.8944	-0.736	2.574	1.184	-0.083	-0.820	-1.394	-2.241	-2.912	-3.008	0.4787	0.0000	2.8	1	-14.559	0.000	3.2210788727	7
	0.015200	9.5315	1.4316418171	1.4111	2.2440	3.6359	1.8390	-0.840	2.586	1.136	-0.155	-0.907	-1.493	-2.354	-3.035	-3.135	0.4787	0.0000	3.0	1	-14.559	0.000	3.2211005688	7
	0.015200	9.5315	1.4317854643	1.4113	2.2851	3.6325	1.7844	-0.943	2.597	1.089	-0.227	-0.993	-1.590	-2.466	-3.157	-3.259	0.4787	0.0000	3.3	1	-14.558	0.000	3.2211184502	7
	0.015200	9.5315	1.4319086075	1.4114	2.3262	3.6290	1.7296	-1.045	2.609	1.042	-0.298	-1.078	-1.688	-2.577	-3.278	-3.383	0.4787	0.0000	3.7	1	-14.558	0.000	3.2211337090	7
	0.015200	9.5315	1.4320164919	1.4115	2.3676	3.6256	1.6746	-1.149	2.621	0.997	-0.368	-1.161	-1.785	-2.689	-3.399	-3.508	0.4787	0.0000	4.0	1	-14.557	0.000	3.2211472988	7
	0.015200	9.5315	1.4321105480	1.4116	2.4090	3.6222	1.6194	-1.252	2.634	0.952	-0.437	-1.245	-1.883	-2.800	-3.521	-3.632	0.4787	0.0000	4.5	1	-14.556	0.000	3.2211589813	7
	0.015200	9.5315	1.4321931601	1.4117	2.4503	3.6187	1.5643	-1.356	2.647	0.908	-0.505	-1.328	-1.979	-2.911	-3.641	-3.757	0.4787	0.0000	4.9	1	-14.555	0.000	3.2211692333	7
	0.015200	9.5315	1.4322673082	1.4118	2.4914	3.6152	1.5093	-1.458	2.659	0.866	-0.570	-1.407	-2.075	-3.022	-3.762	-3.881	0.4787	0.0000	5.4	1	-14.554	0.000	3.2211782932	7
	0.015200	9.5315	1.4323346615	1.4119	2.5323	3.6118	1.4547	-1.561	2.664	0.819	-0.636	-1.486	-2.169	-3.131	-3.881	-4.004	0.4787	0.0000	5.9	1	-14.553	0.000	3.2211868763	7
	0.015200	9.5315	1.4323968887	1.4120	2.5728	3.6083	1.4003	-1.662	2.666	0.774	-0.698	-1.560	-2.263	-3.240	-4.000	-4.127	0.4787	0.0000	6.5	1	-14.551	0.000	3.2211945057	7
	0.015200	9.5315	1.4324553013	1.4120	2.6138	3.6048	1.3451	-1.765	2.668	0.730	-0.759	-1.632	-2.357	-3.349	-4.120	-4.251	0.4787	0.0000	7.2	1	-14.550	0.000	3.2212018967	7
	0.015200	9.5315	1.4325100183	1.4121	2.6546	3.6012	1.2901	-1.866	2.672	0.687	-0.819	-1.704	-2.450	-3.458	-4.239	-4.375	0.4787	0.0000	7.9	1	-14.548	0.000	3.2212085724	7
	0.015200	9.5315	1.4325605631	1.4121	2.6959	3.5976	1.2345	-1.970	2.673	0.645	-0.876	-1.772	-2.544	-3.568	-4.359	-4.500	0.4787	0.0000	8.7	1	-14.545	0.000	3.2212147713	7
	0.015200	9.5315	1.4326090813	1.4122	2.7358	3.5941	1.1804	-2.069	2.676	0.606	-0.929	-1.834	-2.635	-3.675	-4.476	-4.622	0.4787	0.0000	9.6	1	-14.543	0.000	3.2212209702	7
	0.015200	9.5315	1.4326581955	1.4123	2.7763	3.5903	1.1251	-2.171	2.682	0.569	-0.981	-1.897	-2.726	-3.783	-4.595	-4.746	0.4787	0.0000	10.6	1	-14.540	0.000	3.2212269306	7
	0.015200	9.5315	1.4327059984	1.4123	2.8182	3.5865	1.0676	-2.276	2.686	0.533	-1.026	-1.950	-2.821	-3.896	-4.718	-4.875	0.4787	0.0000	11.7	1	-14.537	0.000	3.2212328911	7
	0.015200	9.5315	1.4327464104	1.4124	2.8654	3.5820	1.0027	-2.394	2.694	0.493	-1.075	-2.007	-2.928	-4.023	-4.857	-5.021	0.4787	0.0000	13.1	1	-14.532	0.000	3.2212378979	7
	0.015200	9.5315	1.4327729940	1.4124	2.9143	3.5772	0.9344	-2.516	2.743	0.480	-1.112	-2.061	-3.036	-4.158	-4.997	-5.171	0.4787	0.0000	14.8	1	-14.527	0.000	3.2212412357	7
	0.015200	9.5315	1.4327913523	1.4124	2.9579	3.5729	0.8736	-2.625	2.788	0.472	-1.140	-2.106	-3.131	-4.277	-5.122	-5.304	0.4787	0.0000	16.4	1	-14.521	0.000	3.2212436199	7
	0.015200	9.5315	1.4328078032	1.4124	3.0009	3.5685	0.8131	-2.732	2.838	0.470	-1.161	-2.145	-3.224	-4.395	-5.244	-5.436	0.4787	0.0000	18.3	1	-14.515	0.000	3.2212455273	7
	0.015200	9.5315	1.4328227043	1.4124	3.0428	3.5641	0.7535	-2.837	2.892	0.477	-1.167	-2.170	-3.312	-4.511	-5.364	-5.565	0.4787	0.0000	20.3	1	-14.508	0.000	3.2212474346	7
	0.015200	9.5315	1.4328362942	1.4125	3.0832	3.5598	0.6958	-2.938	2.950	0.483	-1.173	-2.194	-3.397	-4.622	-5.480	-5.690	0.4787	0.0000	22.5	1	-14.500	0.000	3.2212491035	7
	0.015200	9.5315	1.4328490496	1.4125	3.1223	3.5555	0.6396	-3.036	3.009	0.507	-1.150	-2.198	-3.473	-4.730	-5.592	-5.811	0.4787	0.0000	24.9	1	-14.491	0.000	3.2212507725	7
	0.015200	9.5315	1.4328626394	1.4125	3.1598	3.5512	0.5852	-3.129	3.072	0.529	-1.129	-2.199	-3.548	-4.834	-5.699	-5.928	0.4787	0.0000	27.5	1	-14.097	0.000	3.2212524414	7
	0.015200	9.5315	1.4328774214	1.4125	3.1959	3.5471	0.5325	-3.220	3.133	0.568	-1.085	-2.186	-3.613	-4.934	-5.803	-6.041	0.4787	0.0000	30.2	1	-13.699	0.000	3.2212543488	7
	0.015200	9.5315	1.4328941107	1.4125	3.2324	3.5429	0.4791	-3.311	3.178	0.608	-1.031	-2.165	-3.675	-5.035	-5.908	-6.155	0.4787	0.0000	33.3	1	-13.295	0.000	3.2212562561	7
	0.015200	9.5315	1.4329069853	1.4125	3.2590	3.5398	0.4400	-3.378	3.192	0.636	-0.988	-2.147	-3.719	-5.108	-5.986	-6.239	0.4787	0.0000	35.7	1	-12.997	0.000	3.2212579250	7
	0.015200	9.5315	1.4329111576	1.4125	3.2752	3.5377	0.4156	-3.418	3.201	0.674	-0.939	-2.125	-3.735	-5.154	-6.034	-6.291	0.4787	0.0000	37.3	1	-12.811	0.000	3.2212584019	7
	0.015200	9.5315	1.4329125881	1.4125	3.3139	3.5329	0.3576	-3.515	3.225	0.758	-0.829	-2.075	-3.777	-5.262	-6.149	-6.414	0.4787	0.0000	41.5	1	-12.368	0.000	3.2212586403	7
	0.015200	9.5315	1.4329141378	1.4125	3.3467	3.5286	0.3079	-3.597	3.254	0.854	-0.709	-2.020	-3.801	-5.354	-6.247	-6.519	0.4787	0.0000	45.4	1	-11.986	0.000	3.2212588787	7
	0.015200	9.5315	1.4329159260	1.4125	3.3788	3.5244	0.2590	-3.677	3.294	1.002	-0.538	-1.946	-3.796	-5.448	-6.344	-6.623	0.4787	0.0000	49.7	1	-11.609	0.000	3.2212591171	7
	0.015200	9.5315	1.4329190254	1.4125	3.4125	3.5200	0.2074	-3.761	3.341	1.157	-0.359	-1.867	-3.795	-5.546	-6.446	-6.732	0.4787	0.0000	54.7	1	-11.208	0.000	3.2212593555	7
	0.015200	9.5315	1.4329193830	1.4125	3.4143	3.5198	0.2047	-3.766	3.342	1.164	-0.352	-1.865	-3.794	-5.551	-6.451	-6.738	0.4787	0.5260	55.0	1	-11.187	0.000	3.2212595940	8
	0.015200	9.5315	1.4329195023	1.4142	3.4133	3.5199	0.2066	-3.763	3.342	1.162	-0.353	-1.865	-3.794	-5.549	-6.448	-6.735	0.4756	0.5261	54.8	1	-11.204	-0.004	3.2212595940	8
	0.015200	9.5315	1.4329196215	1.4159	3.4124	3.5199	0.2084	-3.761	3.341	1.160	-0.355	-1.865	-3.793	-5.546	-6.446	-6.732	0.4724	0.5262	54.7	1	-11.221	-0.008	3.2212595940	8
	0.015200	9.5315	1.4329197407	1.4175	3.4114	3.5200	0.2102	-3.758	3.341	1.158	-0.357	-1.865	-3.792	-5.543	-6.443	-6.730	0.4693	0.5262	54.5	1	-11.238	-0.012	3.2212595940	8
	0.015200	9.5315	1.4329198599	1.4192	3.4104	3.5201	0.2121	-3.756	3.341	1.156	-0.359	-1.866	-3.791	-5.541	-6.440	-6.727	0.4661	0.5263	54.3	1	-11.255	-0.017	3.2212595940	8
	0.015200	9.5315	1.4329199791	1.4208	3.4095	3.5202	0.2139	-3.754	3.340	1.154	-0.361	-1.866	-3.790	-5.538	-6.438	-6.724	0.4630	0.5263	54.2	1	-11.273	-0.021	3.2212595940	8
	0.015200	9.5315	1.4329200983	1.4225	3.4085	3.5203	0.2157	-3.751	3.339	1.152	-0.364	-1.867	-3.789	-5.535	-6.435	-6.721	0.4598	0.5264	54.0	1	-11.290	-0.025	3.2212595940	8
	0.015200	9.5315	1.4329200983	1.4242	3.4075	3.5204	0.2176	-3.749	3.339	1.150	-0.366	-1.867	-3.788	-5.533	-6.432	-6.718	0.4567	0.5264	53.8	1	-11.307	-0.029	3.2212595940	8
	0.015200	9.5315	1.4329202175	1.4258	3.4065	3.5205	0.2194	-3.746	3.338	1.148	-0.369	-1.868	-3.787	-5.530	-6.430	-6.715	0.4536	0.5265	53.7	1	-11.324	-0.033	3.2212595940	8
	0.015200	9.5315	1.4329203367	1.4275	3.4056	3.5206	0.2212	-3.744	3.337	1.146	-0.371	-1.868	-3.786	-5.527	-6.427	-6.712	0.4504	0.5265	53.5	1	-11.341	-0.037	3.2212595940	8
	0.015200	9.5315	1.4329204559	1.4292	3.4046	3.5206	0.2231	-3.741	3.337	1.144	-0.373	-1.869	-3.785	-5.525	-6.424	-6.710	0.4473	0.5266	53.3	1	-11.358	-0.041	3.2212595940	8
	0.015200	9.5315	1.4329205751	1.4308	3.4036	3.5207	0.2249	-3.739	3.336	1.141	-0.376	-1.869	-3.784	-5.522	-6.422	-6.707	0.4441	0.5267	53.2	1	-11.375	-0.046	3.2212595940	8
	0.015200	9.5315	1.4329206944	1.4325	3.4026	3.5208	0.2267	-3.737	3.336	1.139	-0.378	-1.870	-3.784	-5.519	-6.419	-6.704	0.4410	0.5267	53.0	1	-11.392	-0.050	3.2212595940	8
	0.015200	9.5315	1.4329208136	1.4341	3.4017	3.5209	0.2286	-3.734	3.335	1.137	-0.381	-1.870	-3.783	-5.517	-6.416	-6.701	0.4379	0.5268	52.8	1	-11.409	-0.054	3.2212595940	8
	0.015200	9.5315	1.4329209328	1.4358	3.4007	3.5210	0.2304	-3.732	3.334	1.135	-0.383	-1.871	-3.782	-5.514	-6.413	-6.698	0.4347	0.5268	52.7	1	-11.425	-0.058	3.2212595940	8
	0.015200	9.5315	1.4329210520	1.4375	3.3997	3.5211	0.2322	-3.729	3.334	1.133	-0.386	-1.871	-3.781	-5.511	-6.411	-6.695	0.4316	0.5269	52.5	1	-11.442	-0.062	3.2212595940	8
	0.015200	9.5315	1.4329211712	1.4391	3.3988	3.5212	0.2341	-3.727	3.333	1.131	-0.388	-1.872	-3.780	-5.508	-6.408	-6.692	0.4284	0.5269	52.3	1	-11.459	-0.066	3.2212595940	8
	0.015200	9.5315	1.4329212904	1.4408	3.3978	3.5213	0.2359	-3.724	3.333	1.129	-0.390	-1.873	-3.779	-5.506	-6.405	-6.689	0.4253	0.5270	52.2	1	-11.476	-0.070	3.2212598324	8
	0.015200	9.5315	1.4329214096	1.4424	3.3968	3.5214	0.2377	-3.722	3.332	1.127	-0.393	-1.873	-3.778	-5.503	-6.403	-6.687	0.4221	0.5270	52.0	1	-11.493	-0.075	3.2212598324	8
	0.015200	9.5315	1.4329215288	1.4441	3.3958	3.5214	0.2395	-3.720	3.332	1.125	-0.395	-1.874	-3.777	-5.500	-6.400	-6.684	0.4190	0.5271	51.9	1	-11.510	-0.079	3.2212598324	8
	0.015200	9.5315	1.4329215288	1.4458	3.3949	3.5215	0.2414	-3.717	3.331	1.123	-0.398	-1.874	-3.776	-5.498	-6.397	-6.681	0.4159	0.5272	51.7	1	-11.527	-0.083	3.2212598324	8
	0.015200	9.5315	1.4329216480	1.4474	3.3939	3.5216	0.2432	-3.715	3.330	1.121	-0.400	-1.875	-3.775	-5.495	-6.395	-6.678	0.4127	0.5272	51.5	1	-11.544	-0.087	3.2212598324	8
	0.015200	9.5315	1.4329217672	1.4491	3.3929	3.5217	0.2450	-3.712	3.330	1.119	-0.402	-1.875	-3.774	-5.492	-6.392	-6.675	0.4096	0.5273	51.4	1	-11.560	-0.091	3.2212598324	8
	0.015200	9.5315	1.4329218864	1.4507	3.3919	3.5218	0.2468	-3.710	3.329	1.116	-0.405	-1.876	-3.773	-5.490	-6.389	-6.672	0.4064	0.5273	51.2	1	-11.577	-0.095	3.2212598324	8
	0.015200	9.5315	1.4329220057	1.4524	3.3910	3.5219	0.2487	-3.707	3.329	1.114	-0.407	-1.876	-3.772	-5.487	-6.387	-6.669	0.4033	0.5274	51.1	1	-11.594	-0.099	3.2212598324	8
	0.015200	9.5315	1.4329221249	1.4541	3.3900	3.5220	0.2505	-3.705	3.328	1.112	-0.410	-1.877	-3.771	-5.484	-6.384	-6.666	0.4002	0.5274	50.9	1	-11.611	-0.103	3.2212598324	8
	0.015200	9.5315	1.4329222441	1.4557	3.3890	3.5221	0.2523	-3.703	3.328	1.110	-0.412	-1.877	-3.770	-5.482	-6.381	-6.664	0.3970	0.5275	50.8	1	-11.628	-0.108	3.2212598324	8
	0.015200	9.5315	1.4329228401	1.4555	3.3936	3.5214	0.2450	-3.714	3.335	1.134	-0.385	-1.865	-3.769	-5.495	-6.395	-6.679	0.3967	0.5276	51.4	1	-11.571	-0.108	3.2212598324	8
	0.015200	9.5315	1.4329235554	1.4552	3.3982	3.5208	0.2377	-3.726	3.343	1.157	-0.358	-1.852	-3.768	-5.509	-6.409	-6.694	0.3963	0.5277	52.1	1	-11.514	-0.109	3.2212600708	8
	0.015200	9.5315	1.4329241514	1.4550	3.4028	3.5201	0.2305	-3.737	3.350	1.181	-0.330	-1.840	-3.767	-5.522	-6.423	-6.709	0.3960	0.5278	52.9	1	-11.457	-0.109	3.2212600708	8
	0.015200	9.5315	1.4329248667	1.4547	3.4074	3.5195	0.2232	-3.749	3.355	1.203	-0.309	-1.830	-3.763	-5.535	-6.437	-6.724	0.3956	0.5279	53.6	1	-11.400	-0.110	3.2212600708	8
	0.015200	9.5315	1.4329254627	1.4545	3.4120	3.5188	0.2159	-3.760	3.359	1.226	-0.288	-1.820	-3.759	-5.548	-6.451	-6.739	0.3953	0.5279	54.3	1	-11.343	-0.110	3.2212603092	8
	0.015200	9.5315	1.4329261780	1.4543	3.4166	3.5181	0.2086	-3.772	3.363	1.248	-0.267	-1.811	-3.754	-5.561	-6.465	-6.754	0.3949	0.5280	55.0	1	-11.286	-0.111	3.2212603092	8
	0.015200	9.5315	1.4329267740	1.4540	3.4212	3.5175	0.2013	-3.783	3.368	1.271	-0.246	-1.801	-3.750	-5.574	-6.479	-6.769	0.3945	0.5281	55.8	1	-11.228	-0.111	3.2212603092	8
	0.015200	9.5315	1.4329273701	1.4538	3.4258	3.5168	0.1941	-3.794	3.372	1.293	-0.225	-1.791	-3.745	-5.587	-6.492	-6.784	0.3942	0.5282	56.5	1	-11.171	-0.112	3.2212605476	8
	0.015200	9.5315	1.4329280853	1.4535	3.4304	3.5162	0.1868	-3.806	3.376	1.316	-0.204	-1.782	-3.741	-5.600	-6.506	-6.799	0.3938	0.5283	57.3	1	-11.114	-0.113	3.2212605476	8
	0.015200	9.5315	1.4329286814	1.4533	3.4350	3.5155	0.1795	-3.817	3.381	1.339	-0.182	-1.772	-3.736	-5.613	-6.520	-6.814	0.3935	0.5284	58.1	1	-11.057	-0.113	3.2212605476	8
	0.015200	9.5315	1.4329293966	1.4530	3.4396	3.5149	0.1722	-3.829	3.385	1.362	-0.161	-1.762	-3.732	-5.626	-6.534	-6.829	0.3931	0.5285	58.9	1	-10.999	-0.114	3.2212607861	8
	0.015200	9.5315	1.4329299927	1.4528	3.4442	3.5142	0.1649	-3.840	3.390	1.385	-0.139	-1.752	-3.727	-5.639	-6.548	-6.844	0.3928	0.5286	59.7	1	-10.942	-0.114	3.2212607861	8
	0.015200	9.5315	1.4329307079	1.4525	3.4488	3.5136	0.1577	-3.852	3.394	1.409	-0.118	-1.742	-3.723	-5.652	-6.562	-6.859	0.3924	0.5287	60.5	1	-10.884	-0.115	3.2212607861	8
	0.015200	9.5315	1.4329313040	1.4523	3.4534	3.5129	0.1504	-3.863	3.399	1.432	-0.096	-1.732	-3.718	-5.666	-6.575	-6.874	0.3921	0.5288	61.4	1	-10.827	-0.115	3.2212610245	8
	0.015200	9.5315	1.4329319000	1.4520	3.4580	3.5123	0.1431	-3.875	3.404	1.456	-0.074	-1.722	-3.714	-5.679	-6.589	-6.889	0.3917	0.5289	62.2	1	-10.769	-0.116	3.2212610245	8
	0.015200	9.5315	1.4329326153	1.4518	3.4626	3.5116	0.1358	-3.886	3.408	1.479	-0.052	-1.712	-3.710	-5.692	-6.603	-6.904	0.3914	0.5290	63.1	1	-10.712	-0.116	3.2212610245	8
	0.015200	9.5315	1.4329332113	1.4516	3.4672	3.5110	0.1285	-3.898	3.413	1.503	-0.030	-1.702	-3.705	-5.705	-6.617	-6.919	0.3910	0.5291	63.9	1	-10.654	-0.117	3.2212612629	8
	0.015200	9.5315	1.4329339266	1.4513	3.4718	3.5103	0.1213	-3.909	3.418	1.527	-0.008	-1.692	-3.701	-5.718	-6.631	-6.934	0.3907	0.5291	64.8	1	-10.596	-0.117	3.2212612629	8
	0.015200	9.5315	1.4329345226	1.4511	3.4764	3.5097	0.1140	-3.921	3.422	1.550	0.014	-1.681	-3.695	-5.730	-6.644	-6.949	0.3903	0.5292	65.7	1	-10.538	-0.118	3.2212612629	8
	0.015200	9.5315	1.4329351187	1.4508	3.4810	3.5090	0.1067	-3.932	3.425	1.573	0.036	-1.670	-3.687	-5.743	-6.658	-6.964	0.3900	0.5293	66.6	1	-10.480	-0.119	3.2212615013	8
	0.015200	9.5315	1.4329358339	1.4506	3.4856	3.5084	0.0994	-3.944	3.429	1.597	0.059	-1.658	-3.680	-5.756	-6.672	-6.979	0.3896	0.5294	67.5	1	-10.422	-0.119	3.2212615013	8
	0.015200	9.5315	1.4329364300	1.4503	3.4902	3.5077	0.0921	-3.955	3.433	1.620	0.081	-1.646	-3.672	-5.768	-6.686	-6.994	0.3893	0.5295	68.5	1	-10.364	-0.120	3.2212615013	8
	0.015200	9.5315	1.4329371452	1.4501	3.4948	3.5071	0.0849	-3.967	3.436	1.644	0.104	-1.634	-3.665	-5.781	-6.699	-7.009	0.3889	0.5296	69.4	1	-10.306	-0.120	3.2212617397	8
	0.015200	9.5315	1.4329377413	1.4498	3.4993	3.5064	0.0776	-3.978	3.440	1.668	0.126	-1.622	-3.657	-5.793	-6.713	-7.024	0.3886	0.5297	70.4	1	-10.248	-0.121	3.2212617397	8
	0.015200	9.5315	1.4329384565	1.4496	3.5039	3.5058	0.0703	-3.990	3.444	1.692	0.149	-1.610	-3.650	-5.806	-6.727	-7.039	0.3882	0.5298	71.4	1	-10.190	-0.121	3.2212617397	8
	0.015200	9.5315	1.4329390526	1.4494	3.5085	3.5051	0.0630	-4.001	3.448	1.716	0.172	-1.598	-3.642	-5.819	-6.741	-7.054	0.3879	0.5299	72.3	1	-10.131	-0.122	3.2212619781	8
	0.015200	9.5315	1.4329397678	1.4487	3.5105	3.5048	0.0597	-4.006	3.450	1.727	0.183	-1.592	-3.638	-5.824	-6.746	-7.060	0.3878	0.5300	72.8	1	-10.104	-0.122	3.2212619781	8
	0.015200	9.5315	1.4329406023	1.4481	3.5124	3.5045	0.0564	-4.011	3.452	1.739	0.194	-1.586	-3.635	-5.829	-6.752	-7.067	0.3878	0.5302	73.2	1	-10.077	-0.122	3.2212622166	8
	0.015200	9.5315	1.4329413176	1.4475	3.5144	3.5042	0.0531	-4.016	3.454	1.750	0.204	-1.580	-3.631	-5.835	-6.758	-7.073	0.3878	0.5303	73.7	1	-10.049	-0.122	3.2212622166	8
	0.015200	9.5315	1.4329420328	1.4469	3.5163	3.5039	0.0498	-4.021	3.456	1.761	0.215	-1.574	-3.627	-5.840	-6.764	-7.080	0.3877	0.5305	74.2	1	-10.022	-0.123	3.2212622166	8
	0.015200	9.5315	1.4329428673	1.4463	3.5183	3.5036	0.0465	-4.026	3.458	1.772	0.226	-1.569	-3.623	-5.845	-6.770	-7.086	0.3877	0.5306	74.6	1	-9.995	-0.123	3.2212624550	8
	0.015200	9.5315	1.4329435825	1.4457	3.5202	3.5033	0.0432	-4.031	3.460	1.784	0.237	-1.563	-3.620	-5.851	-6.776	-7.093	0.3877	0.5307	75.1	1	-9.968	-0.123	3.2212624550	8
	0.015200	9.5315	1.4329442978	1.4451	3.5222	3.5031	0.0399	-4.035	3.462	1.795	0.248	-1.557	-3.616	-5.856	-6.782	-7.099	0.3876	0.5309	75.5	1	-9.940	-0.123	3.2212626934	8
	0.015200	9.5315	1.4329450130	1.4445	3.5241	3.5028	0.0366	-4.040	3.464	1.807	0.259	-1.551	-3.612	-5.861	-6.788	-7.106	0.3876	0.5310	76.0	1	-9.913	-0.123	3.2212626934	8
	0.015200	9.5315	1.4329458475	1.4439	3.5261	3.5025	0.0333	-4.045	3.467	1.818	0.270	-1.545	-3.608	-5.867	-6.794	-7.112	0.3876	0.5312	76.5	1	-9.886	-0.123	3.2212626934	8
	0.015200	9.5315	1.4329465628	1.4433	3.5280	3.5022	0.0300	-4.050	3.469	1.830	0.281	-1.539	-3.605	-5.872	-6.800	-7.119	0.3875	0.5313	77.0	1	-9.858	-0.124	3.2212629318	8
	0.015200	9.5315	1.4329472780	1.4427	3.5300	3.5019	0.0267	-4.055	3.471	1.841	0.292	-1.533	-3.601	-5.878	-6.805	-7.125	0.3875	0.5315	166.0	0	-9.368	-0.124	3.2212629318	8
	0.015200	9.5315	1.4329481125	1.4421	3.5319	3.5016	0.0234	-4.060	3.473	1.853	0.303	-1.527	-3.597	-5.883	-6.811	-7.132	0.3875	0.5316	167.2	0	-9.344	-0.124	3.2212631702	8
	0.015200	9.5315	1.4329488277	1.4415	3.5339	3.5013	0.0201	-4.065	3.475	1.864	0.314	-1.521	-3.593	-5.888	-6.817	-7.138	0.3874	0.5318	168.4	0	-9.319	-0.124	3.2212631702	8
	0.015200	9.5315	1.4329495430	1.4409	3.5358	3.5010	0.0168	-4.070	3.478	1.876	0.325	-1.515	-3.589	-5.894	-6.823	-7.145	0.3874	0.5319	169.7	0	-9.295	-0.124	3.2212631702	8
	0.015200	9.5315	1.4329503775	1.4403	3.5378	3.5007	0.0135	-4.074	3.480	1.888	0.336	-1.509	-3.585	-5.899	-6.829	-7.151	0.3874	0.5320	170.9	0	-9.270	-0.124	3.2212634087	8
	0.015200	9.5315	1.4329510927	1.4397	3.5397	3.5004	0.0102	-4.079	3.482	1.899	0.347	-1.503	-3.581	-5.904	-6.835	-7.157	0.3873	0.5322	172.2	0	-9.245	-0.125	3.2212634087	8
	0.015200	9.5315	1.4329518080	1.4390	3.5417	3.5001	0.0069	-4.084	3.484	1.911	0.359	-1.497	-3.578	-5.910	-6.841	-7.164	0.3873	0.5323	173.5	0	-9.221	-0.125	3.2212634087	8
	0.015200	9.5315	1.4329526424	1.4384	3.5436	3.4998	0.0036	-4.089	3.486	1.922	0.370	-1.491	-3.573	-5.915	-6.847	-7.170	0.3873	0.5325	174.7	0	-9.196	-0.125	3.2212636471	8
	0.015200	9.5315	1.4329533577	1.4378	3.5456	3.4995	0.0003	-4.094	3.488	1.933	0.380	-1.484	-3.569	-5.920	-6.853	-7.177	0.3872	0.5326	176.0	0	-9.172	-0.125	3.2212636471	8
	0.015200	9.5315	1.4329540730	1.4372	3.5475	3.4993	-0.0030	-4.099	3.484	1.942	0.392	-1.476	-3.562	-5.926	-6.859	-7.183	0.3872	0.5328	177.3	0	-9.147	-0.125	3.2212638855	8
	0.015200	9.5315	1.4329547882	1.4366	3.5495	3.4990	-0.0063	-4.104	3.478	1.951	0.403	-1.469	-3.556	-5.931	-6.866	-7.190	0.3872	0.5329	178.6	0	-9.122	-0.125	3.2212638855	8
	0.015200	9.5315	1.4329556227	1.4360	3.5514	3.4987	-0.0096	-4.109	3.472	1.960	0.414	-1.461	-3.550	-5.937	-6.873	-7.197	0.3871	0.5330	180.0	0	-9.098	-0.126	3.2212638855	8
	0.015200	9.5315	1.4329563379	1.4354	3.5534	3.4984	-0.0129	-4.113	3.467	1.969	0.426	-1.453	-3.544	-5.942	-6.880	-7.204	0.3871	0.5332	181.3	0	-9.073	-0.126	3.2212641239	8
	0.015200	9.5315	1.4329570532	1.4348	3.5553	3.4981	-0.0162	-4.118	3.461	1.978	0.437	-1.446	-3.538	-5.948	-6.887	-7.211	0.3871	0.5333	182.6	0	-9.049	-0.126	3.2212641239	8
	0.015200	9.5315	1.4329578876	1.4342	3.5573	3.4978	-0.0195	-4.123	3.456	1.986	0.448	-1.438	-3.531	-5.953	-6.893	-7.217	0.3870	0.5335	184.0	0	-9.024	-0.126	3.2212643623	8
	0.015200	9.5315	1.4329586029	1.4336	3.5592	3.4975	-0.0228	-4.128	3.450	1.995	0.459	-1.431	-3.525	-5.959	-6.900	-7.224	0.3870	0.5336	185.3	0	-8.999	-0.126	3.2212643623	8
	0.015200	9.5315	1.4329594374	1.4328	3.5607	3.4972	-0.0257	-4.132	3.446	2.004	0.470	-1.423	-3.519	-5.963	-6.906	-7.230	0.3870	0.5338	186.5	0	-8.978	-0.126	3.2212643623	8
	0.015200	9.5315	1.4329602718	1.4319	3.5622	3.4969	-0.0286	-4.136	3.442	2.014	0.482	-1.415	-3.512	-5.967	-6.911	-7.235	0.3870	0.5340	187.7	0	-8.956	-0.127	3.2212646008	8
	0.015200	9.5315	1.4329611063	1.4311	3.5637	3.4966	-0.0314	-4.139	3.438	2.023	0.493	-1.406	-3.505	-5.972	-6.917	-7.241	0.3870	0.5342	188.9	0	-8.935	-0.127	3.2212646008	8
	0.015200	9.5315	1.4329619408	1.4303	3.5652	3.4964	-0.0343	-4.143	3.434	2.032	0.505	-1.398	-3.498	-5.976	-6.922	-7.246	0.3871	0.5344	190.1	0	-8.913	-0.127	3.2212648392	8
	0.015200	9.5315	1.4329626560	1.4295	3.5667	3.4961	-0.0372	-4.147	3.430	2.041	0.516	-1.390	-3.492	-5.980	-6.928	-7.252	0.3871	0.5346	191.3	0	-8.891	-0.127	3.2212648392	8
	0.015200	9.5315	1.4329634905	1.4287	3.5682	3.4958	-0.0401	-4.150	3.426	2.051	0.527	-1.382	-3.485	-5.984	-6.933	-7.257	0.3871	0.5348	192.6	0	-8.870	-0.127	3.2212650776	8
	0.015200	9.5315	1.4329643250	1.4278	3.5696	3.4955	-0.0430	-4.154	3.422	2.060	0.539	-1.374	-3.478	-5.989	-6.939	-7.263	0.3871	0.5350	193.8	0	-8.848	-0.127	3.2212650776	8
	0.015200	9.5315	1.4329651594	1.4270	3.5711	3.4952	-0.0458	-4.158	3.417	2.069	0.550	-1.367	-3.472	-5.993	-6.944	-7.268	0.3871	0.5351	195.0	0	-8.826	-0.127	3.2212650776	8
	0.015200	9.5315	1.4329659939	1.4262	3.5726	3.4949	-0.0487	-4.162	3.413	2.078	0.561	-1.359	-3.465	-5.997	-6.950	-7.274	0.3871	0.5353	196.3	0	-8.805	-0.128	3.2212653160	8
	0.015200	9.5315	1.4329668283	1.4254	3.5741	3.4946	-0.0516	-4.165	3.409	2.086	0.572	-1.351	-3.459	-6.002	-6.955	-7.279	0.3871	0.5355	197.6	0	-8.783	-0.128	3.2212653160	8
	0.015200	9.5315	1.4329676628	1.4245	3.5756	3.4944	-0.0545	-4.169	3.405	2.095	0.583	-1.343	-3.452	-6.006	-6.960	-7.284	0.3871	0.5357	198.8	0	-8.762	-0.128	3.2212655544	8
	0.015200	9.5315	1.4329684973	1.4237	3.5771	3.4941	-0.0574	-4.173	3.401	2.104	0.593	-1.336	-3.446	-6.010	-6.966	-7.290	0.3871	0.5359	200.1	0	-8.740	-0.128	3.2212655544	8
	0.015200	9.5315	1.4329693317	1.4229	3.5786	3.4938	-0.0602	-4.176	3.396	2.112	0.604	-1.328	-3.440	-6.015	-6.971	-7.295	0.3871	0.5361	201.4	0	-8.718	-0.128	3.2212657928	8
	0.015200	9.5315	1.4329700470	1.4221	3.5800	3.4935	-0.0631	-4.180	3.392	2.121	0.615	-1.320	-3.433	-6.019	-6.977	-7.301	0.3871	0.5363	202.7	0	-8.697	-0.128	3.2212657928	8
	0.015200	9.5315	1.4329708815	1.4213	3.5815	3.4932	-0.0660	-4.184	3.388	2.130	0.625	-1.313	-3.427	-6.023	-6.982	-7.306	0.3872	0.5365	204.0	0	-8.675	-0.129	3.2212657928	8
	0.015200	9.5315	1.4329717159	1.4204	3.5830	3.4929	-0.0689	-4.188	3.383	2.138	0.636	-1.305	-3.421	-6.028	-6.988	-7.312	0.3872	0.5367	205.3	0	-8.653	-0.129	3.2212660313	8
	0.015200	9.5315	1.4329725504	1.4196	3.5845	3.4926	-0.0718	-4.191	3.379	2.146	0.646	-1.298	-3.415	-6.032	-6.993	-7.317	0.3872	0.5369	206.6	0	-8.632	-0.129	3.2212660313	8
	0.015200	9.5315	1.4329733849	1.4188	3.5860	3.4924	-0.0746	-4.195	3.374	2.155	0.657	-1.291	-3.408	-6.036	-6.999	-7.323	0.3872	0.5371	207.9	0	-8.610	-0.129	3.2212662697	8
	0.015200	9.5315	1.4329742193	1.4180	3.5875	3.4921	-0.0775	-4.199	3.370	2.163	0.667	-1.283	-3.402	-6.041	-7.004	-7.328	0.3872	0.5372	209.3	0	-8.589	-0.129	3.2212662697	8
	0.015200	9.5315	1.4329750538	1.4172	3.5890	3.4918	-0.0804	-4.202	3.365	2.171	0.677	-1.276	-3.396	-6.045	-7.010	-7.333	0.3872	0.5374	210.6	0	-8.567	-0.129	3.2212665081	8
	0.015200	9.5315	1.4329758883	1.4163	3.5904	3.4915	-0.0833	-4.206	3.361	2.179	0.687	-1.269	-3.390	-6.050	-7.015	-7.339	0.3872	0.5376	211.9	0	-8.545	-0.129	3.2212665081	8
	0.015200	9.5315	1.4329766035	1.4155	3.5919	3.4912	-0.0862	-4.210	3.356	2.187	0.697	-1.262	-3.384	-6.054	-7.020	-7.344	0.3872	0.5378	213.3	0	-8.524	-0.130	3.2212665081	8
	0.015200	9.5315	1.4329774380	1.4147	3.5934	3.4909	-0.0890	-4.214	3.352	2.195	0.707	-1.255	-3.378	-6.058	-7.026	-7.350	0.3872	0.5380	214.7	0	-8.502	-0.130	3.2212667465	8
	0.015200	9.5315	1.4329782724	1.4139	3.5949	3.4906	-0.0919	-4.217	3.347	2.203	0.717	-1.248	-3.372	-6.063	-7.031	-7.355	0.3872	0.5382	216.1	0	-8.480	-0.130	3.2212667465	8
	0.015200	9.5315	1.4329791069	1.4130	3.5964	3.4904	-0.0948	-4.221	3.343	2.210	0.727	-1.241	-3.366	-6.067	-7.037	-7.360	0.3873	0.5384	217.4	0	-8.459	-0.130	3.2212669849	8
	0.015200	9.5315	1.4329799414	1.4122	3.5979	3.4901	-0.0977	-4.225	3.338	2.218	0.737	-1.234	-3.361	-6.071	-7.042	-7.366	0.3873	0.5386	218.8	0	-8.437	-0.130	3.2212669849	8
	0.015200	9.5315	1.4329807758	1.4112	3.5993	3.4898	-0.1006	-4.228	3.333	2.222	0.742	-1.229	-3.356	-6.076	-7.047	-7.371	0.3874	0.5388	220.3	0	-8.415	-0.130	3.2212672234	8
	0.015200	9.5315	1.4329817295	1.4101	3.6008	3.4895	-0.1036	-4.232	3.328	2.226	0.745	-1.225	-3.352	-6.080	-7.053	-7.376	0.3875	0.5390	221.7	0	-8.393	-0.130	3.2212672234	8
	0.015200	9.5315	1.4329825640	1.4090	3.6023	3.4892	-0.1065	-4.236	3.322	2.229	0.749	-1.221	-3.348	-6.085	-7.058	-7.381	0.3876	0.5393	223.1	0	-8.371	-0.131	3.2212672234	8
	0.015200	9.5315	1.4329835176	1.4080	3.6037	3.4889	-0.1094	-4.239	3.317	2.232	0.753	-1.218	-3.344	-6.089	-7.063	-7.386	0.3877	0.5395	224.6	0	-8.348	-0.131	3.2212674618	8
	0.015200	9.5315	1.4329843521	1.4069	3.6052	3.4886	-0.1124	-4.243	3.312	2.235	0.756	-1.214	-3.340	-6.093	-7.068	-7.391	0.3878	0.5397	226.1	0	-8.326	-0.131	3.2212674618	8
	0.015200	9.5315	1.4329853058	1.4058	3.6067	3.4884	-0.1153	-4.247	3.306	2.238	0.760	-1.210	-3.336	-6.098	-7.073	-7.396	0.3879	0.5400	227.5	0	-8.304	-0.131	3.2212677002	8
	0.015200	9.5315	1.4329861403	1.4048	3.6082	3.4881	-0.1183	-4.250	3.301	2.240	0.763	-1.207	-3.332	-6.102	-7.078	-7.401	0.3880	0.5402	229.0	0	-8.282	-0.131	3.2212677002	8
	0.015200	9.5315	1.4329869747	1.4037	3.6096	3.4878	-0.1212	-4.254	3.296	2.243	0.766	-1.203	-3.328	-6.107	-7.084	-7.406	0.3881	0.5404	230.5	0	-8.260	-0.131	3.2212679386	8
	0.015200	9.5315	1.4329879284	1.4026	3.6111	3.4875	-0.1241	-4.258	3.290	2.246	0.769	-1.200	-3.324	-6.111	-7.089	-7.411	0.3882	0.5407	232.0	0	-8.237	-0.131	3.2212679386	8
	0.015200	9.5315	1.4329887629	1.4016	3.6126	3.4872	-0.1271	-4.261	3.285	2.249	0.773	-1.197	-3.321	-6.115	-7.094	-7.416	0.3883	0.5409	233.6	0	-8.215	-0.132	3.2212681770	8
	0.015200	9.5315	1.4329897165	1.4005	3.6140	3.4869	-0.1300	-4.265	3.279	2.251	0.776	-1.193	-3.317	-6.120	-7.099	-7.421	0.3884	0.5411	235.1	0	-8.193	-0.132	3.2212681770	8
	0.015200	9.5315	1.4329905510	1.3994	3.6155	3.4866	-0.1330	-4.269	3.274	2.254	0.779	-1.190	-3.313	-6.124	-7.104	-7.426	0.3885	0.5414	236.6	0	-8.171	-0.132	3.2212684155	8
	0.015200	9.5315	1.4329915047	1.3984	3.6170	3.4864	-0.1359	-4.272	3.268	2.256	0.782	-1.187	-3.310	-6.129	-7.109	-7.431	0.3886	0.5416	238.2	0	-8.149	-0.132	3.2212684155	8
	0.015200	9.5315	1.4329923391	1.3973	3.6184	3.4861	-0.1388	-4.276	3.263	2.259	0.784	-1.184	-3.306	-6.133	-7.114	-7.436	0.3887	0.5418	239.7	0	-8.126	-0.132	3.2212686539	8
	0.015200	9.5315	1.4329931736	1.3962	3.6199	3.4858	-0.1418	-4.280	3.257	2.261	0.787	-1.181	-3.303	-6.138	-7.119	-7.441	0.3888	0.5420	241.3	0	-8.104	-0.132	3.2212686539	8
	0.015200	9.5315	1.4329941273	1.3952	3.6214	3.4855	-0.1447	-4.283	3.252	2.263	0.790	-1.178	-3.300	-6.142	-7.124	-7.446	0.3889	0.5423	242.9	0	-8.082	-0.132	3.2212686539	8
	0.015200	9.5315	1.4329949617	1.3941	3.6228	3.4852	-0.1477	-4.287	3.246	2.265	0.793	-1.175	-3.296	-6.147	-7.130	-7.451	0.3890	0.5425	244.4	0	-8.060	-0.133	3.2212688923	8
	0.015200	9.5315	1.4329959154	1.3930	3.6243	3.4849	-0.1506	-4.291	3.240	2.268	0.795	-1.172	-3.293	-6.151	-7.135	-7.456	0.3890	0.5427	246.0	0	-8.038	-0.133	3.2212688923	8
	0.015200	9.5315	1.4329967499	1.3920	3.6258	3.4847	-0.1535	-4.294	3.235	2.270	0.798	-1.169	-3.290	-6.155	-7.140	-7.461	0.3891	0.5430	247.7	0	-8.015	-0.133	3.2212691307	8
	0.015200	9.5315	1.4329975843	1.3909	3.6272	3.4844	-0.1565	-4.298	3.229	2.272	0.800	-1.166	-3.287	-6.160	-7.145	-7.466	0.3892	0.5432	249.3	0	-7.993	-0.133	3.2212691307	8
	0.015200	9.5315	1.4329985380	1.3898	3.6287	3.4841	-0.1594	-4.302	3.223	2.274	0.803	-1.164	-3.284	-6.164	-7.150	-7.471	0.3893	0.5434	250.9	0	-7.971	-0.133	3.2212693691	8
	0.015200	9.5315	1.4329993725	1.3888	3.6302	3.4838	-0.1624	-4.305	3.218	2.276	0.805	-1.161	-3.281	-6.169	-7.155	-7.476	0.3894	0.5437	252.5	0	-7.949	-0.133	3.2212693691	8
	0.015200	9.5315	1.4330003262	1.3877	3.6316	3.4835	-0.1653	-4.309	3.212	2.277	0.807	-1.158	-3.278	-6.173	-7.160	-7.481	0.3895	0.5439	254.2	0	-7.926	-0.133	3.2212696075	8
	0.015200	9.5315	1.4330011606	1.3866	3.6331	3.4832	-0.1682	-4.313	3.206	2.279	0.810	-1.156	-3.275	-6.178	-7.165	-7.485	0.3896	0.5441	255.9	0	-7.904	-0.134	3.2212696075	8
	0.015200	9.5315	1.4330021143	1.3856	3.6346	3.4829	-0.1712	-4.316	3.201	2.281	0.812	-1.153	-3.272	-6.182	-7.170	-7.490	0.3897	0.5444	257.5	0	-7.882	-0.134	3.2212698460	8
	0.015200	9.5315	1.4330029488	1.3845	3.6360	3.4827	-0.1741	-4.320	3.195	2.282	0.814	-1.151	-3.269	-6.187	-7.175	-7.495	0.3898	0.5446	259.2	0	-7.860	-0.134	3.2212698460	8
	0.015200	9.5315	1.4330039024	1.3832	3.6375	3.4823	-0.1773	-4.324	3.189	2.285	0.816	-1.148	-3.266	-6.191	-7.180	-7.500	0.3900	0.5449	261.0	0	-7.836	-0.134	3.2212700844	8
	0.015200	9.5315	1.4330047369	1.3819	3.6390	3.4820	-0.1804	-4.327	3.183	2.287	0.819	-1.145	-3.262	-6.196	-7.186	-7.505	0.3902	0.5451	262.8	0	-7.812	-0.134	3.2212700844	8
	0.015200	9.5315	1.4330056906	1.3806	3.6405	3.4817	-0.1835	-4.331	3.177	2.289	0.821	-1.142	-3.259	-6.200	-7.191	-7.510	0.3903	0.5454	264.6	0	-7.789	-0.135	3.2212703228	8
	0.015200	9.5315	1.4330065250	1.3793	3.6419	3.4814	-0.1866	-4.335	3.171	2.291	0.824	-1.140	-3.256	-6.205	-7.196	-7.515	0.3905	0.5456	266.5	0	-7.765	-0.135	3.2212703228	8
	0.015200	9.5315	1.4330074787	1.3781	3.6434	3.4811	-0.1897	-4.338	3.166	2.292	0.826	-1.137	-3.253	-6.209	-7.201	-7.520	0.3907	0.5459	268.3	0	-7.741	-0.135	3.2212703228	8
	0.015200	9.5315	1.4330084324	1.3768	3.6449	3.4808	-0.1928	-4.342	3.160	2.294	0.828	-1.134	-3.250	-6.214	-7.206	-7.525	0.3909	0.5462	270.2	0	-7.718	-0.135	3.2212705612	8
	0.015200	9.5315	1.4330092669	1.3755	3.6463	3.4805	-0.1960	-4.346	3.154	2.296	0.830	-1.132	-3.247	-6.219	-7.211	-7.530	0.3910	0.5464	272.0	0	-7.694	-0.135	3.2212705612	8
	0.015200	9.5315	1.4330102205	1.3742	3.6478	3.4802	-0.1991	-4.349	3.148	2.298	0.832	-1.130	-3.244	-6.223	-7.216	-7.535	0.3912	0.5467	273.9	0	-7.670	-0.136	3.2212707996	8
	0.015200	9.5315	1.4330111742	1.3729	3.6493	3.4799	-0.2022	-4.353	3.141	2.298	0.834	-1.128	-3.242	-6.228	-7.221	-7.539	0.3914	0.5469	275.8	0	-7.647	-0.136	3.2212707996	8
	0.015200	9.5315	1.4330120087	1.3716	3.6507	3.4795	-0.2053	-4.357	3.134	2.298	0.834	-1.127	-3.241	-6.232	-7.226	-7.544	0.3915	0.5472	277.7	0	-7.623	-0.136	3.2212710381	8
	0.015200	9.5315	1.4330129623	1.3703	3.6522	3.4792	-0.2084	-4.360	3.127	2.298	0.834	-1.126	-3.240	-6.237	-7.231	-7.549	0.3917	0.5475	279.7	0	-7.599	-0.136	3.2212710381	8
	0.015200	9.5315	1.4330137968	1.3690	3.6537	3.4789	-0.2116	-4.364	3.121	2.298	0.834	-1.126	-3.238	-6.242	-7.236	-7.553	0.3919	0.5477	281.6	0	-7.576	-0.136	3.2212712765	8
	0.015200	9.5315	1.4330147505	1.3677	3.6551	3.4786	-0.2147	-4.368	3.114	2.298	0.835	-1.125	-3.237	-6.246	-7.241	-7.558	0.3920	0.5480	283.5	0	-7.552	-0.137	3.2212712765	8
	0.015200	9.5315	1.4330157042	1.3664	3.6566	3.4783	-0.2178	-4.371	3.107	2.297	0.835	-1.125	-3.236	-6.251	-7.246	-7.563	0.3922	0.5483	285.5	0	-7.528	-0.137	3.2212715149	8
	0.015200	9.5315	1.4330165386	1.3651	3.6581	3.4780	-0.2209	-4.375	3.100	2.297	0.835	-1.124	-3.235	-6.255	-7.251	-7.567	0.3924	0.5485	287.5	0	-7.505	-0.137	3.2212715149	8
	0.015200	9.5315	1.4330174923	1.3639	3.6595	3.4777	-0.2240	-4.379	3.093	2.296	0.835	-1.124	-3.234	-6.260	-7.256	-7.572	0.3925	0.5488	289.5	0	-7.481	-0.137	3.2212717533	8
	0.015200	9.5315	1.4330183268	1.3626	3.6610	3.4774	-0.2272	-4.382	3.086	2.296	0.835	-1.123	-3.233	-6.265	-7.260	-7.577	0.3927	0.5490	291.5	0	-7.457	-0.137	3.2212717533	8
	0.015200	9.5315	1.4330192804	1.3613	3.6625	3.4771	-0.2303	-4.386	3.078	2.295	0.835	-1.123	-3.233	-6.269	-7.265	-7.581	0.3929	0.5493	293.5	0	-7.434	-0.138	3.2212719917	8
	0.015200	9.5315	1.4330202341	1.3600	3.6639	3.4767	-0.2334	-4.390	3.071	2.295	0.835	-1.123	-3.232	-6.274	-7.270	-7.586	0.3930	0.5496	295.5	0	-7.410	-0.138	3.2212719917	8
	0.015200	9.5315	1.4330210686	1.3587	3.6654	3.4764	-0.2365	-4.393	3.064	2.294	0.834	-1.122	-3.231	-6.279	-7.275	-7.590	0.3932	0.5498	297.6	0	-7.386	-0.138	3.2212722301	8
	0.015200	9.5315	1.4330220222	1.3574	3.6669	3.4761	-0.2397	-4.397	3.057	2.293	0.834	-1.122	-3.230	-6.283	-7.280	-7.595	0.3934	0.5501	299.7	0	-7.363	-0.138	3.2212722301	8
	0.015200	9.5315	1.4330229759	1.3561	3.6683	3.4758	-0.2428	-4.401	3.050	2.292	0.834	-1.122	-3.230	-6.288	-7.285	-7.600	0.3935	0.5503	301.7	0	-7.339	-0.138	3.2212724686	8
	0.015200	9.5315	1.4330238104	1.3548	3.6698	3.4755	-0.2459	-4.405	3.043	2.291	0.833	-1.122	-3.229	-6.293	-7.289	-7.604	0.3937	0.5506	303.8	0	-7.315	-0.139	3.2212724686	8
	0.015200	9.5315	1.4330247641	1.3535	3.6713	3.4752	-0.2490	-4.408	3.035	2.291	0.833	-1.122	-3.229	-6.297	-7.294	-7.609	0.3939	0.5509	305.9	0	-7.291	-0.139	3.2212724686	8
	0.015200	9.5315	1.4330255985	1.3522	3.6727	3.4749	-0.2522	-4.412	3.028	2.289	0.832	-1.122	-3.228	-6.302	-7.299	-7.613	0.3940	0.5511	308.1	0	-7.268	-0.139	3.2212727070	8
	0.015200	9.5315	1.4330265522	1.3510	3.6742	3.4746	-0.2553	-4.416	3.021	2.288	0.832	-1.122	-3.228	-6.307	-7.304	-7.618	0.3942	0.5514	310.2	0	-7.244	-0.139	3.2212727070	8
	0.015200	9.5315	1.4330275059	1.3493	3.6752	3.4743	-0.2579	-4.418	3.015	2.288	0.832	-1.122	-3.227	-6.310	-7.307	-7.621	0.3944	0.5517	312.0	0	-7.224	-0.139	3.2212729454	8
	0.015200	9.5315	1.4330283403	1.3477	3.6762	3.4740	-0.2604	-4.420	3.010	2.288	0.832	-1.121	-3.226	-6.313	-7.311	-7.624	0.3945	0.5520	313.7	0	-7.204	-0.140	3.2212729454	8
	0.015200	9.5315	1.4330292940	1.3460	3.6772	3.4738	-0.2630	-4.423	3.004	2.288	0.832	-1.121	-3.225	-6.316	-7.314	-7.628	0.3947	0.5523	315.5	0	-7.184	-0.140	3.2212731838	8
	0.015200	9.5315	1.4330301285	1.3444	3.6782	3.4735	-0.2656	-4.425	2.999	2.287	0.832	-1.120	-3.224	-6.320	-7.318	-7.631	0.3948	0.5526	317.3	0	-7.164	-0.140	3.2212731838	8
	0.015200	9.5315	1.4330310822	1.3427	3.6792	3.4732	-0.2682	-4.428	2.993	2.287	0.832	-1.120	-3.223	-6.323	-7.321	-7.634	0.3950	0.5529	319.1	0	-7.144	-0.140	3.2212734222	8
	0.015200	9.5315	1.4330320358	1.3411	3.6802	3.4730	-0.2708	-4.430	2.988	2.286	0.832	-1.119	-3.222	-6.326	-7.324	-7.637	0.3951	0.5531	321.0	0	-7.124	-0.140	3.2212734222	8
	0.015200	9.5315	1.4330328703	1.3395	3.6811	3.4727	-0.2734	-4.433	2.982	2.286	0.832	-1.119	-3.222	-6.330	-7.328	-7.640	0.3953	0.5534	322.8	0	-7.104	-0.141	3.2212736607	8
	0.015200	9.5315	1.4330338240	1.3378	3.6821	3.4724	-0.2759	-4.435	2.977	2.285	0.832	-1.119	-3.221	-6.333	-7.331	-7.643	0.3955	0.5537	324.6	0	-7.084	-0.141	3.2212736607	8
	0.015200	9.5315	1.4330347776	1.3362	3.6831	3.4722	-0.2785	-4.438	2.971	2.285	0.832	-1.119	-3.220	-6.337	-7.335	-7.647	0.3956	0.5540	326.5	0	-7.064	-0.141	3.2212738991	8
	0.015200	9.5315	1.4330356121	1.3345	3.6841	3.4719	-0.2811	-4.440	2.965	2.284	0.832	-1.118	-3.220	-6.340	-7.338	-7.650	0.3958	0.5543	328.3	0	-7.045	-0.141	3.2212738991	8
	0.015200	9.5315	1.4330365658	1.3329	3.6851	3.4717	-0.2837	-4.443	2.960	2.284	0.832	-1.118	-3.219	-6.343	-7.341	-7.653	0.3959	0.5546	330.2	0	-7.025	-0.141	3.2212741375	8
	0.015200	9.5315	1.4330374002	1.3313	3.6861	3.4714	-0.2863	-4.445	2.954	2.283	0.831	-1.118	-3.218	-6.347	-7.345	-7.656	0.3961	0.5549	332.1	0	-7.005	-0.142	3.2212741375	8
	0.015200	9.5315	1.4330383539	1.3296	3.6871	3.4711	-0.2889	-4.448	2.948	2.282	0.831	-1.118	-3.218	-6.350	-7.348	-7.659	0.3963	0.5552	334.0	0	-6.985	-0.142	3.2212743759	8
	0.015200	9.5315	1.4330393076	1.3280	3.6881	3.4709	-0.2915	-4.450	2.943	2.281	0.831	-1.118	-3.217	-6.353	-7.351	-7.662	0.3964	0.5555	335.9	0	-6.965	-0.142	3.2212743759	8
	0.015200	9.5315	1.4330401421	1.3263	3.6891	3.4706	-0.2941	-4.453	2.937	2.281	0.830	-1.118	-3.217	-6.357	-7.355	-7.666	0.3966	0.5558	337.8	0	-6.945	-0.142	3.2212743759	8
	0.015200	9.5315	1.4330410957	1.3247	3.6901	3.4703	-0.2967	-4.455	2.931	2.280	0.830	-1.118	-3.216	-6.360	-7.358	-7.669	0.3967	0.5561	339.8	0	-6.925	-0.142	3.2212746143	8
	0.015200	9.5315	1.4330419302	1.3230	3.6911	3.4701	-0.2992	-4.458	2.925	2.279	0.829	-1.118	-3.216	-6.363	-7.362	-7.672	0.3969	0.5564	341.7	0	-6.905	-0.143	3.2212746143	8
	0.015200	9.5315	1.4330428839	1.3214	3.6921	3.4698	-0.3018	-4.460	2.919	2.277	0.828	-1.118	-3.216	-6.367	-7.365	-7.675	0.3970	0.5567	343.6	0	-6.885	-0.143	3.2212748528	8
	0.015200	9.5315	1.4330438375	1.3198	3.6931	3.4695	-0.3044	-4.463	2.913	2.275	0.827	-1.119	-3.217	-6.370	-7.368	-7.678	0.3972	0.5570	345.6	0	-6.865	-0.143	3.2212748528	8
	0.015200	9.5315	1.4330446720	1.3181	3.6940	3.4693	-0.3070	-4.465	2.907	2.273	0.826	-1.120	-3.217	-6.374	-7.371	-7.681	0.3974	0.5573	347.6	0	-6.844	-0.143	3.2212750912	8
	0.015200	9.5315	1.4330456257	1.3165	3.6950	3.4690	-0.3096	-4.468	2.900	2.271	0.824	-1.121	-3.218	-6.377	-7.375	-7.684	0.3975	0.5576	349.6	0	-6.824	-0.143	3.2212750912	8
	0.015200	9.5315	1.4330465794	1.3148	3.6960	3.4687	-0.3122	-4.470	2.894	2.269	0.823	-1.122	-3.219	-6.380	-7.378	-7.687	0.3977	0.5578	351.6	0	-6.804	-0.144	3.2212753296	8
	0.015200	9.5315	1.4330474138	1.3132	3.6970	3.4685	-0.3148	-4.473	2.888	2.267	0.822	-1.123	-3.219	-6.384	-7.381	-7.690	0.3978	0.5581	353.6	0	-6.784	-0.144	3.2212753296	8
	0.015200	9.5315	1.4330483675	1.3116	3.6980	3.4682	-0.3174	-4.475	2.881	2.265	0.820	-1.124	-3.220	-6.387	-7.384	-7.693	0.3980	0.5584	355.6	0	-6.764	-0.144	3.2212755680	8
	0.015200	9.5315	1.4330492020	1.3099	3.6990	3.4679	-0.3200	-4.478	2.875	2.263	0.819	-1.125	-3.221	-6.391	-7.387	-7.696	0.3982	0.5587	357.7	0	-6.744	-0.144	3.2212755680	8
	0.015200	9.5315	1.4330501556	1.3083	3.7000	3.4677	-0.3226	-4.480	2.868	2.261	0.817	-1.126	-3.221	-6.394	-7.391	-7.699	0.3983	0.5590	359.7	0	-6.724	-0.144	3.2212758064	8
	0.015200	9.5315	1.4330509901	1.3050	3.7010	3.4673	-0.3263	-4.482	2.860	2.259	0.817	-1.126	-3.221	-6.398	-7.394	-7.702	0.3983	0.5593	362.6	0	-6.695	-0.145	3.2212758064	8
	0.015200	9.5315	1.4330518246	1.3018	3.7020	3.4669	-0.3300	-4.485	2.852	2.257	0.816	-1.127	-3.221	-6.402	-7.398	-7.705	0.3984	0.5596	365.6	0	-6.666	-0.145	3.2212760448	8
	0.015200	9.5315	1.4330526590	1.2986	3.7030	3.4665	-0.3337	-4.487	2.844	2.256	0.815	-1.127	-3.221	-6.406	-7.401	-7.708	0.3984	0.5599	368.5	0	-6.637	-0.145	3.2212760448	8
	0.015200	9.5315	1.4330536127	1.2953	3.7040	3.4660	-0.3374	-4.490	2.836	2.254	0.814	-1.127	-3.220	-6.410	-7.405	-7.712	0.3984	0.5602	371.5	0	-6.607	-0.145	3.2212760448	8
	0.015200	9.5315	1.4330544472	1.2921	3.7050	3.4656	-0.3411	-4.492	2.828	2.252	0.813	-1.128	-3.220	-6.414	-7.409	-7.715	0.3985	0.5605	374.6	0	-6.578	-0.146	3.2212762833	8
	0.015200	9.5315	1.4330552816	1.2889	3.7060	3.4652	-0.3448	-4.495	2.820	2.250	0.812	-1.128	-3.220	-6.418	-7.412	-7.718	0.3985	0.5608	377.6	0	-6.549	-0.146	3.2212762833	8
	0.015200	9.5315	1.4330561161	1.2856	3.7070	3.4648	-0.3486	-4.497	2.811	2.248	0.811	-1.129	-3.220	-6.422	-7.416	-7.721	0.3985	0.5611	380.7	0	-6.520	-0.146	3.2212765217	8
	0.015200	9.5315	1.4330569506	1.2824	3.7079	3.4644	-0.3523	-4.500	2.803	2.245	0.810	-1.129	-3.221	-6.425	-7.419	-7.724	0.3986	0.5614	383.8	0	-6.490	-0.146	3.2212765217	8
	0.015200	9.5315	1.4330577850	1.2791	3.7089	3.4640	-0.3560	-4.502	2.795	2.243	0.809	-1.130	-3.221	-6.429	-7.423	-7.727	0.3986	0.5617	387.0	0	-6.461	-0.146	3.2212767601	8
	0.015200	9.5315	1.4330587387	1.2759	3.7099	3.4636	-0.3597	-4.505	2.786	2.241	0.807	-1.131	-3.221	-6.433	-7.426	-7.730	0.3987	0.5620	390.1	0	-6.432	-0.147	3.2212767601	8
	0.015200	9.5315	1.4330595732	1.2727	3.7109	3.4632	-0.3635	-4.507	2.778	2.238	0.806	-1.131	-3.221	-6.437	-7.430	-7.734	0.3987	0.5623	393.3	0	-6.402	-0.147	3.2212769985	8
	0.015200	9.5315	1.4330604076	1.2694	3.7119	3.4628	-0.3672	-4.510	2.769	2.236	0.804	-1.132	-3.222	-6.441	-7.433	-7.737	0.3987	0.5626	396.5	0	-6.373	-0.147	3.2212769985	8
	0.015200	9.5315	1.4330612421	1.2662	3.7129	3.4624	-0.3709	-4.512	2.761	2.233	0.803	-1.133	-3.222	-6.445	-7.436	-7.740	0.3988	0.5629	399.8	0	-6.343	-0.147	3.2212769985	8
	0.015200	9.5315	1.4330620766	1.2630	3.7139	3.4620	-0.3747	-4.515	2.752	2.231	0.801	-1.134	-3.223	-6.449	-7.440	-7.743	0.3988	0.5632	403.1	0	-6.314	-0.148	3.2212772369	8
	0.015200	9.5315	1.4330629110	1.2597	3.7149	3.4616	-0.3784	-4.517	2.743	2.228	0.800	-1.135	-3.223	-6.453	-7.443	-7.746	0.3988	0.5635	406.4	0	-6.285	-0.148	3.2212772369	8
	0.015200	9.5315	1.4330637455	1.2565	3.7159	3.4611	-0.3821	-4.520	2.735	2.225	0.798	-1.136	-3.224	-6.457	-7.447	-7.749	0.3989	0.5638	409.7	0	-6.255	-0.148	3.2212774754	8
	0.015200	9.5315	1.4330646992	1.2533	3.7169	3.4607	-0.3859	-4.522	2.726	2.222	0.796	-1.138	-3.225	-6.461	-7.450	-7.752	0.3989	0.5642	413.1	0	-6.225	-0.148	3.2212774754	8
	0.015200	9.5315	1.4330655336	1.2500	3.7179	3.4603	-0.3896	-4.525	2.717	2.219	0.794	-1.139	-3.225	-6.465	-7.454	-7.755	0.3989	0.5645	416.5	0	-6.196	-0.148	3.2212777138	8
	0.015200	9.5315	1.4330663681	1.2468	3.7189	3.4599	-0.3934	-4.527	2.708	2.216	0.792	-1.140	-3.227	-6.469	-7.457	-7.758	0.3990	0.5648	419.9	0	-6.166	-0.149	3.2212777138	8
	0.015200	9.5315	1.4330672026	1.2435	3.7199	3.4595	-0.3971	-4.530	2.699	2.211	0.789	-1.143	-3.229	-6.473	-7.460	-7.761	0.3990	0.5651	423.4	0	-6.137	-0.149	3.2212779522	8
	0.015200	9.5315	1.4330680370	1.2403	3.7209	3.4591	-0.4009	-4.532	2.689	2.206	0.786	-1.145	-3.232	-6.477	-7.463	-7.763	0.3990	0.5654	426.9	0	-6.107	-0.149	3.2212779522	8
	0.015200	9.5315	1.4330688715	1.2371	3.7219	3.4587	-0.4047	-4.535	2.679	2.201	0.783	-1.148	-3.234	-6.481	-7.466	-7.766	0.3991	0.5657	430.4	0	-6.077	-0.149	3.2212779522	8
	0.015200	9.5315	1.4330698252	1.2338	3.7229	3.4583	-0.4084	-4.537	2.670	2.196	0.780	-1.150	-3.237	-6.485	-7.469	-7.769	0.3991	0.5660	433.9	0	-6.048	-0.150	3.2212781906	8
	0.015200	9.5315	1.4330706596	1.2306	3.7239	3.4579	-0.4122	-4.540	2.660	2.191	0.777	-1.153	-3.240	-6.489	-7.472	-7.772	0.3991	0.5663	437.5	0	-6.018	-0.150	3.2212781906	8
	0.015200	9.5315	1.4330714941	1.2274	3.7248	3.4575	-0.4160	-4.542	2.650	2.186	0.774	-1.156	-3.242	-6.493	-7.476	-7.774	0.3992	0.5666	441.1	0	-5.988	-0.150	3.2212784290	8
	0.015200	9.5315	1.4330723286	1.2241	3.7258	3.4571	-0.4197	-4.545	2.640	2.181	0.771	-1.158	-3.245	-6.497	-7.479	-7.777	0.3992	0.5669	444.8	0	-5.958	-0.150	3.2212784290	8
	0.015200	9.5315	1.4330731630	1.2105	3.7267	3.4564	-0.4283	-4.547	2.621	2.170	0.764	-1.163	-3.249	-6.502	-7.482	-7.779	0.3992	0.5672	453.0	0	-5.887	-0.151	3.2212786674	8
	0.015200	9.5315	1.4330739975	1.1969	3.7277	3.4557	-0.4369	-4.549	2.601	2.158	0.758	-1.168	-3.254	-6.507	-7.485	-7.782	0.3992	0.5675	461.5	0	-5.814	-0.151	3.2212786674	8
	0.015200	9.5315	1.4330747128	1.1832	3.7286	3.4550	-0.4456	-4.551	2.581	2.147	0.751	-1.173	-3.259	-6.512	-7.489	-7.784	0.3992	0.5678	470.1	0	-5.742	-0.151	3.2212786674	8
	0.015200	9.5315	1.4330755472	1.1696	3.7295	3.4543	-0.4544	-4.554	2.561	2.135	0.744	-1.179	-3.264	-6.518	-7.492	-7.786	0.3992	0.5681	479.0	0	-5.659	-0.152	3.2212789059	8
	0.015200	9.5315	1.4330763817	1.1560	3.7304	3.4536	-0.4632	-4.556	2.541	2.123	0.737	-1.184	-3.269	-6.523	-7.495	-7.788	0.3992	0.5684	488.1	0	-5.562	-0.152	3.2212789059	8
	0.015200	9.5315	1.4330772161	1.1424	3.7313	3.4529	-0.4720	-4.558	2.521	2.111	0.729	-1.190	-3.274	-6.528	-7.498	-7.791	0.3992	0.5687	497.5	0	-5.464	-0.153	3.2212791443	8
	0.015200	9.5315	1.4330779314	1.1287	3.7322	3.4522	-0.4810	-4.560	2.500	2.098	0.721	-1.196	-3.280	-6.533	-7.501	-7.793	0.3992	0.5690	507.1	0	-5.366	-0.153	3.2212791443	8
	0.015200	9.5315	1.4330787659	1.1151	3.7331	3.4515	-0.4900	-4.563	2.479	2.085	0.713	-1.202	-3.286	-6.538	-7.504	-7.795	0.3992	0.5693	516.9	0	-5.266	-0.153	3.2212793827	8
	0.015200	9.5315	1.4330796003	1.1015	3.7340	3.4508	-0.4990	-4.565	2.458	2.071	0.705	-1.208	-3.292	-6.544	-7.507	-7.797	0.3992	0.5696	527.0	0	-5.166	-0.154	3.2212793827	8
	0.015200	9.5315	1.4330804348	1.0879	3.7349	3.4500	-0.5081	-4.567	2.454	2.074	0.708	-1.206	-3.291	-6.548	-7.510	-7.800	0.3992	0.5699	537.4	0	-5.064	-0.154	3.2212793827	8
	0.015200	9.5315	1.4330811501	1.0742	3.7358	3.4493	-0.5173	-4.570	2.452	2.079	0.715	-1.202	-3.288	-6.552	-7.512	-7.802	0.3992	0.5702	548.1	0	-4.962	-0.154	3.2212796211	8
	0.015200	9.5315	1.4330819845	1.0606	3.7367	3.4486	-0.5266	-4.572	2.450	2.084	0.721	-1.197	-3.286	-6.557	-7.515	-7.805	0.3992	0.5705	559.0	0	-4.859	-0.155	3.2212796211	8
	0.015200	9.5315	1.4330828190	1.0470	3.7376	3.4479	-0.5359	-4.574	2.448	2.088	0.728	-1.193	-3.284	-6.562	-7.517	-7.808	0.3992	0.5709	570.3	0	-4.754	-0.155	3.2212798595	8
	0.015200	9.5315	1.4330836535	1.0334	3.7385	3.4472	-0.5453	-4.576	2.447	2.093	0.735	-1.189	-3.282	-6.566	-7.519	-7.810	0.3993	0.5712	581.9	0	-4.649	-0.156	3.2212798595	8
	0.015200	9.5315	1.4330844879	1.0197	3.7394	3.4465	-0.5548	-4.579	2.445	2.098	0.741	-1.184	-3.279	-6.571	-7.522	-7.813	0.3993	0.5715	593.8	0	-4.543	-0.156	3.2212800980	8
	0.015200	9.5315	1.4330852032	1.0061	3.7403	3.4458	-0.5644	-4.581	2.443	2.103	0.748	-1.180	-3.277	-6.576	-7.524	-7.816	0.3993	0.5718	606.0	0	-4.436	-0.156	3.2212800980	8
	0.015200	9.5315	1.4330860376	0.9925	3.7412	3.4451	-0.5740	-4.583	2.441	2.107	0.755	-1.175	-3.275	-6.580	-7.526	-7.819	0.3993	0.5721	618.6	0	-4.327	-0.157	3.2212800980	8
	0.015200	9.5315	1.4330868721	0.9788	3.7421	3.4444	-0.5837	-4.585	2.439	2.112	0.761	-1.171	-3.272	-6.585	-7.528	-7.821	0.3993	0.5724	631.5	0	-4.218	-0.157	3.2212803364	8
	0.015200	9.5315	1.4330877066	0.9652	3.7431	3.4437	-0.5935	-4.588	2.437	2.117	0.768	-1.167	-3.270	-6.590	-7.531	-7.824	0.3993	0.5727	644.9	0	-4.107	-0.157	3.2212803364	8
	0.015200	9.5315	1.4330884218	0.9516	3.7440	3.4430	-0.6034	-4.590	2.435	2.122	0.775	-1.162	-3.268	-6.594	-7.533	-7.827	0.3993	0.5730	658.6	0	-4.014	-0.158	3.2212805748	8
	0.015200	9.5315	1.4330892563	0.9380	3.7449	3.4423	-0.6134	-4.592	2.433	2.126	0.781	-1.158	-3.266	-6.599	-7.535	-7.829	0.3993	0.5733	672.8	0	-4.020	-0.158	3.2212805748	8
	0.015200	9.5315	1.4330900908	0.9243	3.7458	3.4416	-0.6235	-4.594	2.431	2.131	0.788	-1.153	-3.263	-6.604	-7.537	-7.832	0.3993	0.5736	687.4	0	-4.027	-0.159	3.2212805748	8
	0.015200	9.5315	1.4330909252	0.9107	3.7467	3.4409	-0.6336	-4.597	2.429	2.136	0.795	-1.149	-3.261	-6.608	-7.540	-7.835	0.3993	0.5739	702.5	0	-4.033	-0.159	3.2212808132	8
	0.015200	9.5315	1.4330916405	0.8971	3.7476	3.4402	-0.6439	-4.599	2.427	2.141	0.801	-1.145	-3.259	-6.613	-7.542	-7.837	0.3993	0.5742	718.0	0	-4.040	-0.159	3.2212808132	8
	0.015200	9.5315	1.4330924749	0.8835	3.7485	3.4395	-0.6542	-4.601	2.429	2.150	0.812	-1.138	-3.255	-6.617	-7.544	-7.840	0.3993	0.5745	734.0	0	-4.046	-0.160	3.2212810516	8
	0.015200	9.5315	1.4330933094	0.8698	3.7494	3.4388	-0.6647	-4.603	2.434	2.161	0.823	-1.130	-3.250	-6.622	-7.546	-7.844	0.3993	0.5748	750.6	0	-4.053	-0.160	3.2212810516	8
	0.015200	9.5315	1.4330937862	0.8588	3.7488	3.4437	-0.6500	-4.602	2.422	2.103	0.754	-1.181	-3.284	-6.604	-7.545	-7.838	0.3993	0.5750	725.7	0	-4.059	-0.160	3.2212810516	8
	0.015200	9.5315	1.4330943823	0.8479	3.7481	3.4486	-0.6354	-4.600	2.422	2.055	0.693	-1.226	-3.314	-6.586	-7.543	-7.834	0.3993	0.5752	701.7	0	-4.064	-0.160	3.2212812901	8
	0.015200	9.5315	1.4330948591	0.8369	3.7475	3.4535	-0.6208	-4.599	2.416	2.008	0.643	-1.264	-3.343	-6.571	-7.540	-7.827	0.3993	0.5753	678.7	0	-4.070	-0.160	3.2212812901	8
	0.015200	9.5315	1.4330953360	0.8259	3.7469	3.4584	-0.6064	-4.597	2.409	1.961	0.596	-1.300	-3.370	-6.557	-7.535	-7.819	0.3993	0.5755	656.5	0	-4.076	-0.160	3.2212812901	8
	0.015200	9.5315	1.4330958128	0.8149	3.7463	3.4633	-0.5920	-4.596	2.398	1.904	0.546	-1.342	-3.408	-6.542	-7.529	-7.810	0.3993	0.5756	635.1	0	-4.082	-0.160	3.2212812901	8
	0.015200	9.5315	1.4330964088	0.8039	3.7456	3.4682	-0.5776	-4.594	2.384	1.842	0.494	-1.386	-3.449	-6.527	-7.522	-7.801	0.3993	0.5758	614.5	0	-4.087	-0.161	3.2212815285	8
	0.015200	9.5315	1.4330968857	0.7929	3.7450	3.4731	-0.5634	-4.593	2.366	1.773	0.438	-1.435	-3.497	-6.512	-7.513	-7.790	0.3993	0.5760	594.7	0	-4.093	-0.161	3.2212815285	8
	0.015200	9.5315	1.4330973625	0.7820	3.7444	3.4780	-0.5493	-4.591	2.344	1.701	0.380	-1.486	-3.549	-6.498	-7.504	-7.778	0.3993	0.5761	575.7	0	-4.099	-0.161	3.2212815285	8
	0.015200	9.5315	1.4330978394	0.7710	3.7438	3.4829	-0.5352	-4.589	2.313	1.619	0.316	-1.546	-3.610	-6.483	-7.492	-7.765	0.3993	0.5763	557.3	0	-4.106	-0.161	3.2212817669	8
	0.015200	9.5315	1.4330984354	0.7600	3.7431	3.4878	-0.5212	-4.588	2.275	1.530	0.249	-1.611	-3.676	-6.469	-7.480	-7.751	0.3993	0.5764	539.6	0	-4.112	-0.161	3.2212817669	8
	0.015200	9.5315	1.4330989122	0.7490	3.7425	3.4927	-0.5073	-4.586	2.237	1.406	0.133	-1.708	-3.767	-6.455	-7.464	-7.733	0.3993	0.5766	522.6	0	-4.118	-0.161	3.2212817669	8
	0.015200	9.5315	1.4330993891	0.7380	3.7419	3.4976	-0.4935	-4.585	2.210	1.258	-0.023	-1.834	-3.880	-6.442	-7.444	-7.710	0.3993	0.5767	506.2	0	-4.125	-0.161	3.2212817669	8
	0.015200	9.5315	1.4330999851	0.7270	3.7413	3.5025	-0.4798	-4.583	2.184	1.095	-0.197	-1.970	-4.001	-6.429	-7.422	-7.686	0.3993	0.5769	490.4	0	-4.162	-0.161	3.2212820053	8
	0.015200	9.5315	1.4331004620	0.7160	3.7406	3.5074	-0.4662	-4.582	2.149	0.912	-0.390	-2.114	-4.127	-6.415	-7.398	-7.659	0.3993	0.5771	475.3	0	-4.220	-0.161	3.2212820053	8
	0.015200	9.5315	1.4331009388	0.7051	3.7400	3.5123	-0.4527	-4.580	2.104	0.710	-0.601	-2.264	-4.254	-6.400	-7.374	-7.632	0.3993	0.5772	460.7	0	-4.277	-0.161	3.2212820053	8
	0.015200	9.5315	1.4331014156	0.6941	3.7394	3.5172	-0.4393	-4.578	2.048	0.490	-0.831	-2.422	-4.383	-6.383	-7.348	-7.603	0.3993	0.5774	446.6	0	-4.332	-0.161	3.2212820053	8
	0.015200	9.5315	1.4331020117	0.6831	3.7388	3.5221	-0.4260	-4.577	1.987	0.247	-1.100	-2.598	-4.512	-6.365	-7.319	-7.571	0.3993	0.5775	433.0	0	-4.386	-0.161	3.2212822437	8
	0.015200	9.5315	1.4331024885	0.6721	3.7381	3.5270	-0.4129	-4.575	1.917	-0.024	-1.418	-2.798	-4.642	-6.344	-7.289	-7.537	0.3993	0.5777	420.0	0	-4.438	-0.161	3.2212822437	8
	0.015200	9.5315	1.4331029654	0.6611	3.7375	3.5319	-0.3998	-4.574	1.848	-0.268	-1.711	-2.988	-4.751	-6.326	-7.258	-7.502	0.3993	0.5779	407.5	0	-4.488	-0.161	3.2212822437	8
	0.015200	9.5315	1.4331034422	0.6501	3.7369	3.5368	-0.3869	-4.572	1.784	-0.467	-1.960	-3.163	-4.827	-6.310	-7.229	-7.468	0.3993	0.5780	395.4	0	-4.537	-0.162	3.2212822437	8
	0.015200	9.5315	1.4331040382	0.6391	3.7363	3.5417	-0.3741	-4.571	1.713	-0.651	-2.191	-3.331	-4.893	-6.295	-7.199	-7.435	0.3993	0.5782	383.8	0	-4.585	-0.162	3.2212824821	8
	0.015200	9.5315	1.4331045151	0.6282	3.7356	3.5465	-0.3614	-4.569	1.632	-0.805	-2.389	-3.485	-4.940	-6.282	-7.170	-7.401	0.3993	0.5783	372.6	0	-4.630	-0.162	3.2212824821	8
	0.015200	9.5315	1.4331049919	0.6172	3.7350	3.5514	-0.3488	-4.568	1.546	-0.948	-2.573	-3.632	-4.980	-6.268	-7.141	-7.367	0.3993	0.5785	361.9	0	-4.674	-0.162	3.2212824821	8
	0.015200	9.5315	1.4331054688	0.6062	3.7344	3.5563	-0.3364	-4.566	1.450	-1.066	-2.727	-3.764	-5.007	-6.255	-7.113	-7.333	0.3993	0.5787	351.5	0	-4.716	-0.162	3.2212827206	8
	0.015200	9.5315	1.4331060648	0.5952	3.7338	3.5612	-0.3241	-4.564	1.351	-1.178	-2.869	-3.888	-5.031	-6.243	-7.084	-7.300	0.3993	0.5788	341.6	0	-4.755	-0.162	3.2212827206	8
	0.015200	9.5315	1.4331065416	0.5842	3.7331	3.5661	-0.3120	-4.563	1.249	-1.271	-2.983	-3.994	-5.047	-6.232	-7.056	-7.266	0.3993	0.5790	332.0	0	-4.793	-0.162	3.2212827206	8
