# File generated by CMD 2.8 (http://stev.oapd.inaf.it/cmd) on Tue Sep  6 22:18:58 CEST 2016
# isochrones PARSEC release v1.2S + COLIBRI release PR16
# Basic references: Bressan et al. (2012), MNRAS, 427, 127 + Chen et al. (2014, 2015), MNRAS, 444, 2525 + MNRAS, 452, 1068 + Tang et al. (2014), MNRAS, 445, 4287 + Rosenfield et al. (2016, arXiv:1603.05283)
# Photometric system: <i>UBVRIJHK</i> (cf. Maiz-Apellaniz 2006 + Bessell 1990)
# Using NBC version of bolometric corrections as in Chen et al. (2014), MNRAS, 444, 2525
# BCs of Carbon stars derive from Aringer et al. (2009, A&A 503, 913)
# O-rich circumstellar dust ignored
# C-rich circumstellar dust ignored
# IMF: Chabrier (2001) lognormal 
# On RGB, assumed Reimers mass loss with efficiency eta=0.2
# Kind of output: isochrone tables
#	Isochrone  Z = 0.00142	Y = 0.25101	[M/H] = -1.038	eta_R = 0.200	Age = 	9.5000e+09 yr
#      Z	log(age/yr)	M_ini   	M_act	logL/Lo	logTe	logG	mbol    U       B       V       R       I       J       H       K	C/O	M_hec	period	pmode	logMdot	slope	int_IMF	stage
	0.001419	9.9777	0.0900000036	0.0900	-3.2346	3.4462	5.3637	12.857	21.276	18.496	16.479	14.434	12.436	10.814	10.450	10.285	0.4787	0.0000	0.0	1	-18.038	0.000	1.4676543474	1
	0.001419	9.9777	0.0925358757	0.0925	-3.1708	3.4552	5.3481	12.697	20.684	18.043	16.053	14.139	12.238	10.684	10.289	10.119	0.4787	0.0000	0.0	1	-18.026	0.000	1.4946939945	1
	0.001419	9.9777	0.1000000015	0.1000	-2.9927	3.4805	5.3045	12.252	19.106	16.830	14.914	13.325	11.705	10.321	9.852	9.669	0.4787	0.0000	0.0	1	-17.993	0.000	1.5704020262	1
	0.001419	9.9777	0.1199999973	0.1200	-2.7109	3.5137	5.2347	11.547	17.068	15.260	13.482	12.194	10.929	9.725	9.195	8.991	0.4787	0.0000	0.0	1	-17.914	0.000	1.7478251457	1
	0.001419	9.9777	0.1400000006	0.1400	-2.5272	3.5311	5.1879	11.088	16.015	14.417	12.737	11.553	10.445	9.320	8.769	8.560	0.4787	0.0000	0.0	1	-17.847	0.000	1.8958495855	1
	0.001419	9.9777	0.1599999964	0.1600	-2.3875	3.5422	5.1505	10.739	15.333	13.850	12.239	11.107	10.083	9.004	8.444	8.233	0.4787	0.0000	0.0	1	-17.789	0.000	2.0211524963	1
	0.001419	9.9777	0.2000000030	0.2000	-2.1694	3.5568	5.0878	10.193	14.385	13.042	11.518	10.450	9.526	8.502	7.933	7.720	0.4787	0.0000	0.0	1	-17.692	0.000	2.2217822075	1
	0.001419	9.9777	0.2500000000	0.2500	-1.9638	3.5684	5.0252	9.680	13.578	12.337	10.880	9.859	9.007	8.024	7.447	7.234	0.4787	0.0000	0.0	1	-17.573	0.000	2.4080901146	1
	0.001419	9.9777	0.3000000119	0.3000	-1.8043	3.5771	4.9797	9.281	12.982	11.807	10.400	9.411	8.603	7.650	7.069	6.857	0.4787	0.0000	0.0	1	-16.636	0.000	2.5475041866	1
	0.001419	9.9777	0.3499999940	0.3500	-1.6729	3.5843	4.9442	8.952	12.496	11.375	10.008	9.047	8.273	7.342	6.757	6.549	0.4787	0.0000	0.0	1	-15.843	0.000	2.6555202007	1
	0.001419	9.9777	0.4000000060	0.4000	-1.5218	3.5954	4.8953	8.574	11.890	10.846	9.539	8.621	7.891	6.994	6.404	6.205	0.4787	0.0000	0.0	1	-15.157	0.000	2.7413372993	1
	0.001419	9.9777	0.4499999881	0.4500	-1.3470	3.6119	4.8378	8.137	11.140	10.195	8.980	8.124	7.450	6.599	5.999	5.822	0.4787	0.0000	0.0	1	-14.551	0.000	2.8109800816	1
	0.001419	9.9777	0.5000000000	0.5000	-1.1494	3.6380	4.7904	7.643	10.182	9.383	8.305	7.550	6.956	6.172	5.565	5.429	0.4787	0.0000	0.0	1	-14.010	0.000	2.8684780598	1
	0.001419	9.9777	0.5064568520	0.5064	-1.1204	3.6423	4.7842	7.571	10.032	9.258	8.204	7.465	6.884	6.111	5.507	5.377	0.4787	0.0000	0.0	1	-13.944	0.000	2.8751845360	1
	0.001419	9.9777	0.5500000119	0.5499	-0.9340	3.6699	4.7441	7.105	9.035	8.470	7.556	6.926	6.421	5.726	5.165	5.063	0.4787	0.0000	0.0	1	-13.520	0.000	2.9166350365	1
	0.001419	9.9777	0.6000000238	0.5999	-0.7368	3.6986	4.6993	6.612	8.007	7.708	6.911	6.381	5.935	5.334	4.851	4.767	0.4787	0.0000	0.0	1	-13.073	0.000	2.9573988914	1
	0.001419	9.9777	0.6081586480	0.6080	-0.7042	3.7037	4.6930	6.530	7.843	7.588	6.809	6.294	5.856	5.272	4.802	4.721	0.4787	0.0000	0.0	1	-13.003	0.000	2.9634668827	1
	0.001419	9.9777	0.6274958849	0.6274	-0.6272	3.7158	4.6777	6.338	7.468	7.309	6.574	6.091	5.674	5.126	4.687	4.612	0.4787	0.0000	0.0	1	-12.842	0.000	2.9772720337	1
	0.001419	9.9777	0.6499999762	0.6498	-0.5381	3.7295	4.6590	6.115	7.061	6.998	6.311	5.861	5.466	4.959	4.553	4.485	0.4787	0.0000	0.0	1	-12.661	0.000	2.9923686981	1
	0.001419	9.9777	0.6505021453	0.6503	-0.5362	3.7298	4.6585	6.110	7.052	6.991	6.306	5.856	5.462	4.955	4.550	4.482	0.4787	0.0000	0.0	1	-12.657	0.000	2.9926941395	1
	0.001419	9.9777	0.6694145203	0.6692	-0.4616	3.7402	4.6380	5.924	6.745	6.747	6.096	5.668	5.289	4.811	4.428	4.366	0.4787	0.0000	0.0	1	-12.510	0.000	3.0046019554	1
	0.001419	9.9777	0.6862675548	0.6861	-0.3950	3.7492	4.6180	5.757	6.483	6.532	5.914	5.504	5.138	4.684	4.319	4.261	0.4787	0.0000	0.0	1	-12.383	0.000	3.0146768093	1
	0.001419	9.9777	0.6999999881	0.6998	-0.3404	3.7562	4.6003	5.621	6.277	6.359	5.768	5.371	5.016	4.580	4.228	4.174	0.4787	0.0000	0.0	1	-12.281	0.000	3.0225379467	1
	0.001419	9.9777	0.7040914297	0.7038	-0.3240	3.7583	4.5945	5.580	6.216	6.308	5.724	5.330	4.979	4.548	4.201	4.148	0.4787	0.0000	0.0	1	-12.253	0.000	3.0248227119	1
	0.001419	9.9777	0.7156419754	0.7154	-0.2771	3.7639	4.5773	5.463	6.049	6.164	5.599	5.217	4.874	4.457	4.120	4.070	0.4787	0.0000	0.0	1	-12.172	0.000	3.0311357975	1
	0.001419	9.9777	0.7266688347	0.7264	-0.2317	3.7692	4.5595	5.349	5.892	6.026	5.480	5.108	4.773	4.368	4.040	3.994	0.4787	0.0000	0.0	1	-12.094	0.000	3.0369811058	1
	0.001419	9.9777	0.7372095585	0.7369	-0.1878	3.7740	4.5411	5.239	5.744	5.895	5.365	5.003	4.676	4.283	3.964	3.920	0.4787	0.0000	0.0	1	-12.018	0.000	3.0424101353	1
	0.001419	9.9777	0.7471672297	0.7468	-0.1455	3.7784	4.5222	5.134	5.604	5.770	5.256	4.903	4.583	4.200	3.889	3.847	0.4787	0.0000	0.0	1	-11.947	0.000	3.0474026203	1
	0.001419	9.9777	0.7500000000	0.7496	-0.1333	3.7796	4.5165	5.103	5.564	5.734	5.225	4.874	4.556	4.176	3.867	3.826	0.4787	0.0000	0.0	1	-11.927	0.000	3.0487992764	1
	0.001419	9.9777	0.7596312761	0.7592	-0.0916	3.7831	4.4942	4.999	5.438	5.614	5.118	4.775	4.463	4.090	3.784	3.748	0.4787	0.0000	0.0	1	-11.860	0.000	3.0534725189	1
	0.001419	9.9777	0.7700726390	0.7696	-0.0452	3.7867	4.4683	4.883	5.300	5.481	4.999	4.666	4.360	3.993	3.691	3.658	0.4787	0.0000	0.0	1	-11.790	0.000	3.0584106445	1
	0.001419	9.9777	0.7798911929	0.7794	-0.0001	3.7900	4.4418	4.770	5.167	5.352	4.883	4.559	4.258	3.897	3.599	3.570	0.4787	0.0000	0.0	1	-11.729	0.000	3.0629372597	1
	0.001419	9.9777	0.7891387343	0.7886	0.0440	3.7930	4.4148	4.660	5.042	5.229	4.770	4.453	4.158	3.802	3.508	3.482	0.4787	0.0000	0.0	1	-11.675	0.000	3.0671007633	1
	0.001419	9.9777	0.7978708148	0.7973	0.0874	3.7957	4.3872	4.551	4.921	5.108	4.659	4.348	4.058	3.708	3.418	3.394	0.4787	0.0000	0.0	1	-11.629	0.000	3.0709459782	1
	0.001419	9.9777	0.8000000119	0.7994	0.0982	3.7964	4.3801	4.524	4.891	5.078	4.632	4.322	4.033	3.684	3.395	3.371	0.4787	0.0000	0.0	1	-11.619	0.000	3.0718705654	1
	0.001419	9.9777	0.8074598312	0.8068	0.1375	3.7987	4.3542	4.426	4.782	4.969	4.531	4.227	3.942	3.597	3.312	3.290	0.4787	0.0000	0.0	1	-11.585	0.000	3.0750710964	1
	0.001419	9.9777	0.8151275516	0.8145	0.1796	3.8010	4.3252	4.321	4.668	4.853	4.424	4.124	3.843	3.503	3.222	3.202	0.4787	0.0000	0.0	1	-11.557	0.000	3.0782983303	1
	0.001419	9.9777	0.8257818222	0.8250	0.2402	3.8037	4.2811	4.169	4.508	4.689	4.269	3.975	3.698	3.365	3.090	3.070	0.4787	0.0000	0.0	1	-11.527	0.000	3.0826804638	1
	0.001419	9.9777	0.8351622820	0.8343	0.2969	3.8055	4.2365	4.028	4.362	4.538	4.125	3.834	3.561	3.232	2.961	2.942	0.4787	0.0000	0.0	1	-11.512	0.000	3.0864436626	1
	0.001419	9.9777	0.8428353667	0.8419	0.3466	3.8065	4.1945	3.903	4.236	4.408	3.999	3.711	3.439	3.113	2.844	2.824	0.4787	0.0000	0.0	1	-11.508	0.000	3.0894584656	1
	0.001419	9.9777	0.8448831439	0.8439	0.3603	3.8066	4.1826	3.869	4.202	4.373	3.964	3.676	3.406	3.079	2.811	2.792	0.4787	0.0000	0.0	1	-11.508	0.000	3.0902533531	1
	0.001419	9.9777	0.8500000238	0.8490	0.3978	3.8063	4.1461	3.775	4.111	4.278	3.870	3.582	3.310	2.983	2.715	2.695	0.4787	0.0000	0.1	1	-11.511	0.000	3.0922229290	1
	0.001419	9.9777	0.8521552086	0.8511	0.4137	3.8061	4.1309	3.736	4.073	4.238	3.830	3.542	3.271	2.943	2.674	2.655	0.4787	0.0000	0.1	1	-11.514	0.000	3.0930452347	1
	0.001419	9.9777	0.8587952852	0.8577	0.4683	3.8039	4.0707	3.599	3.947	4.107	3.694	3.402	3.128	2.795	2.523	2.502	0.4787	0.0000	0.1	1	-11.525	0.000	3.0955519676	1
	0.001419	9.9777	0.8621695042	0.8610	0.4987	3.8019	4.0337	3.523	3.880	4.037	3.619	3.324	3.046	2.709	2.432	2.411	0.4787	0.0000	0.1	1	-11.534	0.000	3.0968105793	2
	0.001419	9.9777	0.8641252518	0.8629	0.5182	3.7998	4.0068	3.474	3.840	3.995	3.571	3.273	2.992	2.650	2.369	2.347	0.4787	0.0000	0.1	1	-11.539	0.000	3.0975356102	2
	0.001419	9.9777	0.8679546714	0.8667	0.5592	3.7937	3.9435	3.372	3.767	3.916	3.473	3.163	2.873	2.517	2.227	2.201	0.4787	0.0000	0.1	1	-11.552	0.000	3.0989453793	2
	0.001419	9.9777	0.8707038760	0.8694	0.5913	3.7863	3.8832	3.292	3.723	3.868	3.401	3.074	2.772	2.401	2.100	2.067	0.4787	0.0000	0.1	1	-11.562	0.000	3.0999495983	2
	0.001419	9.9777	0.8727524877	0.8714	0.6153	3.7779	3.8266	3.232	3.709	3.847	3.352	3.005	2.690	2.300	1.986	1.947	0.4787	0.0000	0.1	1	-11.570	0.000	3.1006937027	2
	0.001419	9.9777	0.8746574521	0.8732	0.6354	3.7669	3.7632	3.181	3.732	3.846	3.315	2.948	2.614	2.197	1.861	1.817	0.4787	0.0000	0.1	1	-11.579	0.000	3.1013824940	2
	0.001419	9.9777	0.8760127425	0.8745	0.6507	3.7568	3.7083	3.143	3.767	3.857	3.291	2.905	2.556	2.114	1.757	1.708	0.4787	0.0000	0.1	1	-11.585	0.000	3.1018707752	2
	0.001419	9.9777	0.8772502542	0.8757	0.6754	3.7472	3.6458	3.081	3.781	3.843	3.245	2.842	2.478	2.011	1.634	1.580	0.4787	0.0000	0.1	1	-11.591	0.000	3.1023149490	2
	0.001419	9.9777	0.8782123327	0.8766	0.7091	3.7409	3.5872	2.997	3.750	3.791	3.173	2.758	2.384	1.899	1.508	1.451	0.4787	0.0000	0.1	1	-11.595	0.000	3.1026597023	2
	0.001419	9.9777	0.8791356087	0.8775	0.7529	3.7359	3.5240	2.888	3.686	3.710	3.074	2.651	2.269	1.770	1.366	1.307	0.4787	0.0000	0.1	1	-11.600	0.000	3.1029896736	3
	0.001419	9.9777	0.8798342347	0.8782	0.7950	3.7331	3.4710	2.782	3.607	3.620	2.975	2.547	2.160	1.653	1.242	1.182	0.4787	0.0000	0.2	1	-11.603	0.000	3.1032388210	3
	0.001419	9.9777	0.8805149794	0.8788	0.8401	3.7307	3.4166	2.670	3.517	3.521	2.867	2.435	2.045	1.530	1.113	1.052	0.4787	0.0000	0.2	1	-11.607	0.000	3.1034812927	3
	0.001419	9.9777	0.8811576962	0.8794	0.8870	3.7287	3.3620	2.553	3.420	3.415	2.755	2.320	1.926	1.405	0.982	0.921	0.4787	0.0000	0.2	1	-11.610	0.000	3.1037096977	3
	0.001419	9.9777	0.8817566633	0.8800	0.9343	3.7269	3.3079	2.434	3.320	3.307	2.642	2.203	1.806	1.279	0.852	0.790	0.4787	0.0000	0.2	1	-11.613	0.000	3.1039223671	3
	0.001419	9.9777	0.8823148608	0.8805	0.9819	3.7253	3.2539	2.315	3.217	3.197	2.527	2.085	1.686	1.153	0.721	0.659	0.4787	0.0000	0.2	1	-11.616	0.000	3.1041202545	3
	0.001419	9.9777	0.8827483654	0.8808	1.0218	3.7240	3.2090	2.215	3.130	3.105	2.430	1.986	1.585	1.048	0.613	0.551	0.4787	0.0000	0.3	1	-11.618	0.000	3.1042737961	3
	0.001419	9.9777	0.8832317591	0.8812	1.0693	3.7224	3.1555	2.097	3.027	2.995	2.315	1.869	1.465	0.923	0.484	0.421	0.4787	0.0000	0.3	1	-11.620	0.000	3.1044449806	3
	0.001419	9.9777	0.8837060928	0.8816	1.1200	3.7208	3.0984	1.970	2.916	2.878	2.193	1.743	1.337	0.790	0.346	0.283	0.4787	0.0000	0.3	1	-11.623	0.000	3.1046125889	3
	0.001419	9.9777	0.8841361403	0.8820	1.1702	3.7191	3.0417	1.844	2.808	2.763	2.072	1.619	1.211	0.658	0.209	0.145	0.4787	0.0000	0.3	1	-11.625	0.000	3.1047644615	3
	0.001419	9.9777	0.8845062852	0.8823	1.2175	3.7175	2.9880	1.726	2.708	2.656	1.959	1.503	1.091	0.533	0.080	0.015	0.4787	0.0000	0.4	1	-11.627	0.000	3.1048948765	3
	0.001419	9.9777	0.8848598003	0.8825	1.2667	3.7157	2.9318	1.603	2.607	2.545	1.841	1.382	0.967	0.403	-0.056	-0.121	0.4787	0.0000	0.4	1	-11.628	0.000	3.1050195694	3
	0.001419	9.9777	0.8851786852	0.8827	1.3152	3.7139	2.8762	1.482	2.507	2.435	1.725	1.262	0.844	0.274	-0.190	-0.255	0.4787	0.0000	0.4	1	-11.630	0.000	3.1051318645	3
	0.001419	9.9777	0.8854628205	0.8829	1.3622	3.7121	2.8219	1.364	2.411	2.331	1.613	1.146	0.725	0.149	-0.320	-0.386	0.4787	0.0000	0.5	1	-11.631	0.000	3.1052317619	3
	0.001419	9.9777	0.8857194781	0.8830	1.4086	3.7102	2.7683	1.249	2.317	2.227	1.502	1.032	0.608	0.026	-0.449	-0.516	0.4787	0.0000	0.5	1	-11.632	0.000	3.1053221226	3
	0.001419	9.9777	0.8859562874	0.8831	1.4551	3.7083	2.7141	1.132	2.224	2.125	1.392	0.919	0.491	-0.098	-0.579	-0.646	0.4787	0.0000	0.6	1	-11.633	0.000	3.1054053307	3
	0.001419	9.9777	0.8861705661	0.8832	1.5009	3.7063	2.6605	1.018	2.135	2.025	1.285	0.807	0.375	-0.220	-0.707	-0.774	0.4787	0.0000	0.7	1	-11.633	0.000	3.1054806709	3
	0.001419	9.9777	0.8863602877	0.8832	1.5449	3.7044	2.6089	0.908	2.049	1.929	1.181	0.700	0.265	-0.337	-0.830	-0.898	0.4787	0.0000	0.7	1	-11.634	0.000	3.1055471897	3
	0.001419	9.9777	0.8865382075	0.8832	1.5895	3.7024	2.5562	0.796	1.963	1.833	1.077	0.591	0.152	-0.457	-0.956	-1.024	0.4787	0.0000	0.8	1	-11.634	0.000	3.1056096554	3
	0.001419	9.9777	0.8867022991	0.8832	1.6340	3.7003	2.5034	0.685	1.877	1.737	0.973	0.482	0.040	-0.576	-1.081	-1.150	0.4787	0.0000	0.9	1	-11.634	0.000	3.1056671143	3
	0.001419	9.9777	0.8868515491	0.8832	1.6779	3.6982	2.4511	0.575	1.800	1.645	0.870	0.375	-0.071	-0.694	-1.205	-1.275	0.4787	0.0000	0.9	1	-11.634	0.000	3.1057195663	3
	0.001419	9.9777	0.8869785666	0.8831	1.7182	3.6962	2.4028	0.474	1.731	1.561	0.777	0.277	-0.173	-0.802	-1.319	-1.389	0.4787	0.0000	1.0	1	-11.634	0.000	3.1057641506	3
	0.001419	9.9777	0.8871027827	0.8830	1.7606	3.6941	2.3519	0.369	1.659	1.473	0.678	0.174	-0.281	-0.916	-1.439	-1.510	0.4787	0.0000	1.1	1	-11.634	0.000	3.1058075428	3
	0.001419	9.9777	0.8872162700	0.8829	1.8019	3.6920	2.3020	0.265	1.590	1.388	0.582	0.073	-0.385	-1.028	-1.556	-1.628	0.4787	0.0000	1.2	1	-11.634	0.000	3.1058473587	3
	0.001419	9.9777	0.8873220086	0.8827	1.8426	3.6899	2.2527	0.163	1.522	1.305	0.489	-0.026	-0.488	-1.137	-1.672	-1.744	0.4787	0.0000	1.3	1	-11.634	0.000	3.1058843136	3
	0.001419	9.9777	0.8874204755	0.8826	1.8813	3.6878	2.2057	0.067	1.462	1.228	0.401	-0.118	-0.585	-1.242	-1.783	-1.856	0.4787	0.0000	1.4	1	-11.633	0.000	3.1059188843	3
	0.001419	9.9777	0.8875234723	0.8823	1.9167	3.6859	2.1626	-0.022	1.406	1.158	0.320	-0.203	-0.674	-1.337	-1.885	-1.958	0.4787	0.0000	1.5	1	-11.633	0.000	3.1059548855	3
	0.001419	9.9777	0.8876188993	0.8821	1.9394	3.6848	2.1354	-0.079	1.369	1.111	0.268	-0.258	-0.730	-1.398	-1.949	-2.023	0.4787	0.0000	1.6	1	-11.632	0.000	3.1059882641	3
	0.001419	9.9777	0.8877073526	0.8819	1.9146	3.6866	2.1673	-0.016	1.401	1.157	0.322	-0.199	-0.668	-1.329	-1.875	-1.948	0.4787	0.0000	1.5	1	-11.630	0.000	3.1060192585	3
	0.001419	9.9777	0.8877382874	0.8818	1.9024	3.6875	2.1828	0.014	1.417	1.179	0.349	-0.171	-0.638	-1.296	-1.838	-1.912	0.4787	0.0000	1.5	1	-11.629	0.000	3.1060302258	3
	0.001419	9.9777	0.8877978921	0.8816	1.9336	3.6857	2.1447	-0.064	1.369	1.118	0.279	-0.245	-0.716	-1.380	-1.928	-2.002	0.4787	0.0000	1.6	1	-11.629	0.000	3.1060509682	3
	0.001419	9.9777	0.8878781199	0.8814	1.9760	3.6833	2.0925	-0.170	1.304	1.034	0.183	-0.347	-0.822	-1.495	-2.051	-2.125	0.4787	0.0000	1.7	1	-11.628	0.000	3.1060791016	3
	0.001419	9.9777	0.8879538774	0.8811	2.0183	3.6809	2.0402	-0.276	1.240	0.952	0.087	-0.447	-0.928	-1.610	-2.174	-2.249	0.4787	0.0000	1.9	1	-11.628	0.000	3.1061055660	3
	0.001419	9.9777	0.8880248070	0.8808	2.0608	3.6784	1.9877	-0.382	1.180	0.871	-0.007	-0.548	-1.034	-1.724	-2.297	-2.372	0.4787	0.0000	2.1	1	-11.627	0.000	3.1061303616	3
	0.001419	9.9777	0.8880892992	0.8805	2.1020	3.6759	1.9363	-0.485	1.130	0.796	-0.098	-0.646	-1.137	-1.836	-2.417	-2.493	0.4787	0.0000	2.3	1	-11.627	0.000	3.1061530113	3
	0.001419	9.9777	0.8881500363	0.8801	2.1439	3.6734	1.8841	-0.590	1.080	0.720	-0.190	-0.746	-1.242	-1.950	-2.539	-2.616	0.4787	0.0000	2.5	1	-11.626	0.000	3.1061742306	3
	0.001419	9.9777	0.8882043362	0.8797	2.1843	3.6708	1.8333	-0.691	1.033	0.647	-0.278	-0.841	-1.343	-2.061	-2.657	-2.734	0.4787	0.0000	2.7	1	-11.625	0.000	3.1061930656	3
	0.001419	9.9777	0.8882547617	0.8793	2.2247	3.6683	1.7825	-0.792	0.989	0.576	-0.366	-0.937	-1.444	-2.170	-2.774	-2.853	0.4787	0.0000	3.0	1	-11.624	0.000	3.1062107086	3
	0.001419	9.9777	0.8883001804	0.8788	2.2637	3.6657	1.7331	-0.889	0.949	0.509	-0.449	-1.028	-1.541	-2.277	-2.888	-2.967	0.4787	0.0000	3.2	1	-11.624	0.000	3.1062266827	3
	0.001419	9.9777	0.8883442879	0.8782	2.3045	3.6631	1.6815	-0.991	0.909	0.439	-0.536	-1.123	-1.642	-2.387	-3.007	-3.087	0.4787	0.0000	3.6	1	-11.623	0.000	3.1062421799	3
	0.001419	9.9777	0.8883924484	0.8775	2.3525	3.6599	1.6202	-1.111	0.864	0.358	-0.637	-1.235	-1.762	-2.518	-3.149	-3.230	0.4787	0.0000	3.9	1	-11.622	0.000	3.1062588692	3
	0.001419	9.9777	0.8884369731	0.8767	2.4013	3.6566	1.5579	-1.233	0.825	0.279	-0.738	-1.346	-1.881	-2.650	-3.293	-3.375	0.4787	0.0000	4.4	1	-11.621	0.000	3.1062743664	3
	0.001419	9.9777	0.8884782791	0.8758	2.4505	3.6532	1.4947	-1.356	0.787	0.200	-0.839	-1.459	-2.001	-2.784	-3.438	-3.521	0.4787	0.0000	4.9	1	-11.621	0.000	3.1062889099	3
	0.001419	9.9777	0.8885143995	0.8749	2.4972	3.6499	1.4344	-1.473	0.749	0.125	-0.934	-1.565	-2.115	-2.910	-3.576	-3.660	0.4787	0.0000	5.5	1	-11.621	0.000	3.1063015461	3
	0.001419	9.9777	0.8885488510	0.8738	2.5456	3.6465	1.3717	-1.594	0.716	0.049	-1.031	-1.673	-2.232	-3.041	-3.718	-3.805	0.4787	0.0000	6.1	1	-11.621	0.000	3.1063134670	3
	0.001419	9.9777	0.8885805011	0.8726	2.5940	3.6430	1.3086	-1.715	0.686	-0.024	-1.126	-1.780	-2.349	-3.171	-3.861	-3.950	0.4787	0.0000	6.8	1	-11.622	0.000	3.1063246727	3
	0.001419	9.9777	0.8886087537	0.8713	2.6409	3.6395	1.2474	-1.832	0.657	-0.095	-1.218	-1.884	-2.462	-3.298	-4.000	-4.090	0.4787	0.0000	7.5	1	-11.623	0.000	3.1063344479	3
	0.001419	9.9777	0.8886351585	0.8698	2.6882	3.6360	1.1854	-1.951	0.634	-0.164	-1.309	-1.988	-2.575	-3.425	-4.139	-4.231	0.4787	0.0000	8.4	1	-11.625	0.000	3.1063437462	3
	0.001419	9.9777	0.8886598349	0.8682	2.7362	3.6324	1.1220	-2.071	0.613	-0.232	-1.400	-2.093	-2.689	-3.553	-4.280	-4.375	0.4787	0.0000	9.4	1	-11.628	0.000	3.1063523293	3
	0.001419	9.9777	0.8886815310	0.8664	2.7816	3.6290	1.0620	-2.184	0.596	-0.295	-1.485	-2.192	-2.796	-3.675	-4.414	-4.511	0.4787	0.0000	10.4	1	-11.632	0.000	3.1063599586	3
	0.001419	9.9777	0.8887021542	0.8645	2.8283	3.6254	0.9999	-2.301	0.583	-0.358	-1.571	-2.291	-2.906	-3.799	-4.552	-4.651	0.4787	0.0000	11.6	1	-11.638	0.000	3.1063671112	3
	0.001419	9.9777	0.8887216449	0.8622	2.8757	3.6217	0.9366	-2.419	0.626	-0.403	-1.654	-2.394	-3.021	-3.929	-4.691	-4.791	0.4787	0.0000	13.0	1	-11.646	0.000	3.1063737869	3
	0.001419	9.9777	0.8887388110	0.8599	2.9208	3.6181	0.8760	-2.532	0.675	-0.442	-1.732	-2.490	-3.129	-4.051	-4.823	-4.925	0.4787	0.0000	14.4	1	-11.656	0.000	3.1063799858	3
	0.001419	9.9777	0.8887552619	0.8571	2.9677	3.6145	0.8133	-2.649	0.728	-0.481	-1.811	-2.589	-3.240	-4.178	-4.959	-5.064	0.4787	0.0000	16.1	1	-11.670	0.000	3.1063857079	3
	0.001419	9.9777	0.8887706995	0.8541	3.0147	3.6107	0.7498	-2.767	0.786	-0.518	-1.889	-2.688	-3.351	-4.305	-5.096	-5.204	0.4787	0.0000	18.0	1	-11.687	0.000	3.1063909531	3
	0.001419	9.9777	0.8887847066	0.8507	3.0602	3.6071	0.6881	-2.880	0.849	-0.550	-1.962	-2.781	-3.457	-4.427	-5.229	-5.339	0.4787	0.0000	20.0	1	-11.628	0.000	3.1063959599	3
	0.001419	9.9777	0.8887981176	0.8469	3.1070	3.6033	0.6241	-2.998	0.919	-0.581	-2.036	-2.876	-3.566	-4.553	-5.366	-5.479	0.4787	0.0000	23.5	1	-11.171	0.000	3.1064004898	3
	0.001419	9.9777	0.8888109326	0.8424	3.1550	3.5995	0.5585	-3.118	0.991	-0.613	-2.112	-2.973	-3.676	-4.682	-5.506	-5.621	0.4787	0.0000	26.4	1	-10.708	0.000	3.1064050198	3
	0.001419	9.9777	0.8888225555	0.8375	3.2018	3.5957	0.4940	-3.234	1.062	-0.641	-2.182	-3.066	-3.783	-4.806	-5.641	-5.760	0.4787	0.0000	29.6	1	-10.259	0.000	3.1064090729	3
	0.001419	9.9777	0.8888338804	0.8318	3.2500	3.5917	0.4267	-3.355	1.107	-0.674	-2.252	-3.159	-3.892	-4.934	-5.780	-5.904	0.4787	0.0000	33.4	1	-9.801	0.000	3.1064131260	3
	0.001419	9.9777	0.8888443708	0.8253	3.2970	3.5877	0.3605	-3.472	1.160	-0.702	-2.316	-3.248	-3.996	-5.057	-5.916	-6.045	0.4787	0.0000	37.7	1	-9.360	0.000	3.1064167023	3
	0.001419	9.9777	0.8888530135	0.8191	3.3347	3.5845	0.3067	-3.567	1.207	-0.721	-2.366	-3.317	-4.080	-5.157	-6.025	-6.158	0.4787	0.0000	41.5	1	-9.012	0.000	3.1064198017	4
	0.001419	9.9777	0.8888530135	0.8190	1.7582	3.7290	2.4610	0.374	1.250	1.220	0.575	0.145	-0.247	-0.776	-1.206	-1.262	0.4787	0.0000	0.9	1	-11.546	0.000	3.1064198017	4
	0.001419	9.9777	0.8889229298	0.8191	1.7740	3.7278	2.4407	0.335	1.224	1.188	0.538	0.106	-0.288	-0.820	-1.253	-1.310	0.4787	0.0000	1.0	1	-11.546	0.000	3.1064441204	4
	0.001419	9.9777	0.8889905810	0.8191	1.7771	3.7277	2.4369	0.327	1.219	1.182	0.531	0.098	-0.296	-0.829	-1.261	-1.319	0.4787	0.0000	1.0	1	-11.546	0.000	3.1064677238	4
	0.001419	9.9777	0.8890595436	0.8192	1.7790	3.7277	2.4353	0.323	1.213	1.177	0.526	0.093	-0.301	-0.833	-1.266	-1.323	0.4787	0.0000	1.0	1	-11.546	0.000	3.1064918041	4
	0.001419	9.9777	0.8891288042	0.8193	1.7798	3.7280	2.4357	0.321	1.208	1.173	0.523	0.091	-0.303	-0.834	-1.266	-1.323	0.4787	0.0000	1.0	1	-11.545	0.000	3.1065158844	4
	0.001419	9.9777	0.8891986609	0.8194	1.7798	3.7285	2.4375	0.321	1.204	1.170	0.522	0.091	-0.302	-0.832	-1.263	-1.320	0.4787	0.0000	1.0	1	-11.545	0.000	3.1065404415	4
	0.001419	9.9777	0.8892695904	0.8194	1.7792	3.7290	2.4404	0.322	1.199	1.167	0.522	0.092	-0.300	-0.829	-1.258	-1.315	0.4787	0.0000	1.0	1	-11.545	0.000	3.1065649986	4
	0.001419	9.9777	0.8893393278	0.8195	1.7783	3.7296	2.4437	0.324	1.195	1.165	0.522	0.094	-0.297	-0.824	-1.252	-1.308	0.4787	0.0000	1.0	1	-11.545	0.000	3.1065893173	4
	0.001419	9.9777	0.8894108534	0.8196	1.7773	3.7303	2.4474	0.327	1.191	1.163	0.523	0.096	-0.294	-0.819	-1.245	-1.301	0.4787	0.0000	1.0	1	-11.544	0.000	3.1066143513	4
	0.001419	9.9777	0.8894783258	0.8197	1.7765	3.7309	2.4506	0.329	1.187	1.161	0.524	0.098	-0.291	-0.814	-1.239	-1.295	0.4787	0.0000	1.0	1	-11.544	0.000	3.1066379547	4
	0.001419	9.9777	0.8895515800	0.8198	1.7758	3.7315	2.4539	0.331	1.183	1.159	0.524	0.099	-0.288	-0.810	-1.233	-1.289	0.4787	0.0000	1.0	1	-11.544	0.000	3.1066634655	4
	0.001419	9.9777	0.8896163106	0.8198	1.7752	3.7320	2.4566	0.332	1.180	1.158	0.524	0.101	-0.286	-0.806	-1.228	-1.284	0.4787	0.0000	0.9	1	-11.544	0.000	3.1066858768	4
	0.001419	9.9777	0.8896877170	0.8199	1.7746	3.7326	2.4594	0.334	1.176	1.156	0.525	0.102	-0.284	-0.803	-1.223	-1.278	0.4787	0.0000	0.9	1	-11.544	0.000	3.1067109108	4
	0.001419	9.9777	0.8897570372	0.8200	1.7742	3.7330	2.4618	0.335	1.173	1.154	0.524	0.103	-0.282	-0.800	-1.219	-1.274	0.4787	0.0000	0.9	1	-11.543	0.000	3.1067349911	4
	0.001419	9.9777	0.8898257613	0.8201	1.7739	3.7335	2.4637	0.335	1.170	1.151	0.524	0.103	-0.281	-0.797	-1.215	-1.270	0.4787	0.0000	0.9	1	-11.543	0.000	3.1067588329	4
	0.001419	9.9777	0.8898414969	0.8201	1.7739	3.7335	2.4641	0.335	1.169	1.151	0.524	0.103	-0.281	-0.797	-1.214	-1.269	0.4787	0.0000	0.9	1	-11.543	0.000	3.1067643166	4
	0.001419	9.9777	0.8898941278	0.8201	1.7739	3.7338	2.4652	0.335	1.166	1.149	0.523	0.103	-0.280	-0.796	-1.213	-1.268	0.4787	0.0000	0.9	1	-11.543	0.000	3.1067826748	4
	0.001419	9.9777	0.8899670839	0.8202	1.7740	3.7341	2.4663	0.335	1.163	1.147	0.522	0.103	-0.280	-0.795	-1.211	-1.266	0.4787	0.0000	0.9	1	-11.543	0.000	3.1068081856	4
	0.001419	9.9777	0.8900387287	0.8203	1.7744	3.7343	2.4668	0.334	1.160	1.145	0.521	0.102	-0.281	-0.795	-1.211	-1.265	0.4787	0.0000	0.9	1	-11.542	0.000	3.1068329811	4
	0.001419	9.9777	0.8901057839	0.8204	1.7751	3.7344	2.4666	0.332	1.158	1.142	0.519	0.100	-0.282	-0.796	-1.212	-1.266	0.4787	0.0000	0.9	1	-11.542	0.000	3.1068563461	4
	0.001419	9.9777	0.8901735544	0.8205	1.7759	3.7345	2.4660	0.330	1.155	1.140	0.517	0.098	-0.284	-0.798	-1.213	-1.268	0.4787	0.0000	0.9	1	-11.542	0.000	3.1068799496	4
	0.001419	9.9777	0.8902420402	0.8205	1.7772	3.7344	2.4646	0.327	1.153	1.137	0.513	0.095	-0.288	-0.801	-1.217	-1.271	0.4787	0.0000	0.9	1	-11.542	0.000	3.1069037914	4
	0.001419	9.9777	0.8903139830	0.8206	1.7789	3.7343	2.4622	0.323	1.150	1.134	0.510	0.090	-0.292	-0.806	-1.222	-1.277	0.4787	0.0000	0.9	1	-11.542	0.000	3.1069288254	4
	0.001419	9.9777	0.8903396130	0.8206	1.7796	3.7342	2.4612	0.321	1.149	1.132	0.508	0.089	-0.294	-0.808	-1.225	-1.279	0.4787	0.0000	0.9	1	-11.541	0.000	3.1069376469	4
	0.001419	9.9777	0.8903895020	0.8207	1.7812	3.7340	2.4589	0.317	1.147	1.130	0.504	0.085	-0.298	-0.813	-1.230	-1.285	0.4787	0.0000	0.9	1	-11.541	0.000	3.1069550514	4
	0.001419	9.9777	0.8904653788	0.8208	1.7839	3.7336	2.4548	0.310	1.144	1.125	0.498	0.078	-0.306	-0.822	-1.239	-1.294	0.4787	0.0000	1.0	1	-11.541	0.000	3.1069815159	4
	0.001419	9.9777	0.8905425072	0.8209	1.7873	3.7331	2.4493	0.302	1.141	1.120	0.491	0.070	-0.315	-0.832	-1.251	-1.306	0.4787	0.0000	1.0	1	-11.541	0.000	3.1070082188	4
	0.001419	9.9777	0.8906143904	0.8209	1.7907	3.7326	2.4439	0.293	1.137	1.115	0.484	0.061	-0.324	-0.843	-1.263	-1.318	0.4787	0.0000	1.0	1	-11.541	0.000	3.1070332527	4
	0.001419	9.9777	0.8906862140	0.8210	1.7956	3.7317	2.4358	0.281	1.134	1.108	0.474	0.049	-0.337	-0.859	-1.281	-1.336	0.4787	0.0000	1.0	1	-11.541	0.000	3.1070582867	4
	0.001419	9.9777	0.8907585740	0.8211	1.8011	3.7308	2.4266	0.267	1.129	1.100	0.462	0.036	-0.353	-0.876	-1.301	-1.357	0.4787	0.0000	1.0	1	-11.541	0.000	3.1070833206	4
	0.001419	9.9777	0.8908336759	0.8212	1.8074	3.7299	2.4165	0.251	1.123	1.091	0.448	0.020	-0.370	-0.896	-1.323	-1.379	0.4787	0.0000	1.0	1	-11.540	0.000	3.1071095467	4
	0.001419	9.9777	0.8909076452	0.8213	1.8135	3.7290	2.4069	0.236	1.118	1.082	0.435	0.005	-0.386	-0.915	-1.344	-1.401	0.4787	0.0000	1.0	1	-11.540	0.000	3.1071352959	4
	0.001419	9.9777	0.8909804821	0.8214	1.8194	3.7281	2.3976	0.221	1.112	1.073	0.423	-0.009	-0.402	-0.933	-1.364	-1.422	0.4787	0.0000	1.1	1	-11.540	0.000	3.1071605682	4
	0.001419	9.9777	0.8910565972	0.8214	1.8322	3.7263	2.3775	0.189	1.101	1.053	0.395	-0.040	-0.437	-0.973	-1.408	-1.466	0.4787	0.0000	1.1	1	-11.540	0.000	3.1071870327	4
	0.001419	9.9777	0.8911296725	0.8215	1.8577	3.7227	2.3379	0.126	1.077	1.014	0.340	-0.103	-0.505	-1.051	-1.495	-1.555	0.4787	0.0000	1.2	1	-11.540	0.000	3.1072123051	4
	0.001419	9.9777	0.8911828399	0.8216	1.8962	3.7178	2.2798	0.030	1.038	0.953	0.257	-0.196	-0.607	-1.168	-1.624	-1.685	0.4787	0.0000	1.3	1	-11.541	0.000	3.1072306633	4
	0.001419	9.9777	0.8912076354	0.8216	1.9382	3.7128	2.2176	-0.075	0.997	0.886	0.166	-0.297	-0.717	-1.293	-1.763	-1.826	0.4787	0.0000	1.4	1	-11.542	0.000	3.1072392464	4
	0.001419	9.9777	0.8912167549	0.8216	1.9756	3.7084	2.1628	-0.169	0.960	0.826	0.086	-0.387	-0.815	-1.404	-1.885	-1.950	0.4787	0.0000	1.6	1	-11.543	0.000	3.1072425842	4
	0.001419	9.9777	0.8912211657	0.8216	2.0160	3.7041	2.1051	-0.270	0.919	0.761	-0.001	-0.483	-0.919	-1.522	-2.015	-2.081	0.4787	0.0000	1.7	1	-11.544	0.000	3.1072440147	4
	0.001419	9.9777	0.8912234902	0.8216	2.0563	3.6999	2.0481	-0.371	0.875	0.694	-0.088	-0.579	-1.023	-1.639	-2.142	-2.210	0.4787	0.0000	1.9	1	-11.545	0.000	3.1072449684	4
	0.001419	9.9777	0.8912241459	0.8216	2.0736	3.6983	2.0241	-0.414	0.857	0.665	-0.125	-0.620	-1.067	-1.688	-2.197	-2.265	0.4787	0.0000	2.0	1	-11.545	0.000	3.1072452068	7
	0.001419	9.9777	0.8912242055	0.8216	2.0741	3.6982	2.0234	-0.415	0.857	0.664	-0.126	-0.621	-1.069	-1.690	-2.198	-2.267	0.4787	0.0000	2.0	1	-11.545	0.000	3.1072452068	7
	0.001419	9.9777	0.8912249207	0.8216	2.0979	3.6960	1.9907	-0.475	0.832	0.625	-0.177	-0.678	-1.129	-1.758	-2.273	-2.341	0.4787	0.0000	2.1	1	-11.546	0.000	3.1072454453	7
	0.001419	9.9777	0.8912262917	0.8216	2.1418	3.6920	1.9309	-0.584	0.789	0.552	-0.271	-0.782	-1.241	-1.883	-2.410	-2.479	0.4787	0.0000	2.4	1	-11.548	0.000	3.1072459221	7
	0.001419	9.9777	0.8912273645	0.8216	2.1738	3.6892	1.8875	-0.664	0.758	0.499	-0.340	-0.857	-1.322	-1.974	-2.509	-2.580	0.4787	0.0000	2.5	1	-11.549	0.000	3.1072461605	7
	0.001419	9.9777	0.8912284970	0.8216	2.1947	3.6874	1.8596	-0.717	0.739	0.464	-0.384	-0.906	-1.375	-2.033	-2.574	-2.645	0.4787	0.0000	2.7	1	-11.550	0.000	3.1072466373	7
	0.001419	9.9777	0.8912301660	0.8216	2.2050	3.6866	1.8462	-0.742	0.728	0.447	-0.407	-0.930	-1.400	-2.061	-2.605	-2.677	0.4787	0.0000	2.7	1	-11.550	0.000	3.1072471142	7
	0.001419	9.9777	0.8912332654	0.8216	2.1818	3.6887	1.8778	-0.685	0.747	0.483	-0.358	-0.877	-1.343	-1.996	-2.532	-2.603	0.4787	0.0000	2.6	1	-11.549	0.000	3.1072483063	7
	0.001419	9.9777	0.8912365437	0.8216	2.1695	3.6898	1.8944	-0.654	0.758	0.504	-0.332	-0.848	-1.312	-1.961	-2.494	-2.564	0.4787	0.0000	2.5	1	-11.549	0.000	3.1072494984	7
	0.001419	9.9777	0.8912594914	0.8217	2.1601	3.6904	1.9064	-0.630	0.770	0.521	-0.311	-0.825	-1.288	-1.935	-2.466	-2.536	0.4787	0.0000	2.5	1	-11.548	0.000	3.1072573662	7
	0.001419	9.9777	0.8912847042	0.8217	2.1877	3.6878	1.8684	-0.699	0.748	0.477	-0.369	-0.890	-1.357	-2.014	-2.553	-2.624	0.4787	0.0000	2.6	1	-11.549	0.000	3.1072661877	7
	0.001419	9.9777	0.8913069367	0.8217	2.2247	3.6845	1.8181	-0.792	0.717	0.418	-0.447	-0.975	-1.450	-2.118	-2.669	-2.741	0.4787	0.0000	2.9	1	-11.551	0.000	3.1072738171	7
	0.001419	9.9777	0.8913309574	0.8217	2.2758	3.6799	1.7486	-0.920	0.674	0.337	-0.554	-1.094	-1.578	-2.263	-2.829	-2.903	0.4787	0.0000	3.2	1	-11.554	0.000	3.1072821617	7
	0.001419	9.9777	0.8913522363	0.8218	2.3214	3.6760	1.6872	-1.034	0.641	0.267	-0.648	-1.200	-1.692	-2.391	-2.970	-3.044	0.4787	0.0000	3.6	1	-11.556	0.000	3.1072895527	7
	0.001419	9.9777	0.8913710117	0.8218	2.3639	3.6723	1.6301	-1.140	0.610	0.201	-0.736	-1.298	-1.798	-2.510	-3.100	-3.176	0.4787	0.0000	4.0	1	-11.559	0.000	3.1072959900	7
	0.001419	9.9777	0.8913874626	0.8218	2.4054	3.6688	1.5744	-1.243	0.582	0.138	-0.821	-1.393	-1.901	-2.626	-3.227	-3.303	0.4787	0.0000	4.4	1	-11.562	0.000	3.1073017120	7
	0.001419	9.9777	0.8914019465	0.8218	2.4460	3.6653	1.5199	-1.345	0.559	0.078	-0.902	-1.485	-2.001	-2.739	-3.351	-3.429	0.4787	0.0000	4.8	1	-11.566	0.000	3.1073067188	7
	0.001419	9.9777	0.8914147615	0.8218	2.4858	3.6619	1.4665	-1.445	0.535	0.019	-0.982	-1.576	-2.100	-2.849	-3.472	-3.551	0.4787	0.0000	5.3	1	-11.570	0.000	3.1073112488	7
	0.001419	9.9777	0.8914263844	0.8219	2.5255	3.6585	1.4131	-1.544	0.513	-0.040	-1.060	-1.665	-2.197	-2.959	-3.593	-3.674	0.4787	0.0000	5.8	1	-11.574	0.000	3.1073153019	7
	0.001419	9.9777	0.8914369345	0.8219	2.5653	3.6550	1.3597	-1.643	0.494	-0.097	-1.137	-1.753	-2.293	-3.068	-3.715	-3.796	0.4787	0.0000	6.4	1	-11.580	0.000	3.1073188782	7
	0.001419	9.9777	0.8914467096	0.8219	2.6054	3.6516	1.3056	-1.744	0.476	-0.154	-1.215	-1.842	-2.390	-3.179	-3.837	-3.920	0.4787	0.0000	7.0	1	-11.585	0.000	3.1073224545	7
	0.001419	9.9777	0.8914556503	0.8219	2.6450	3.6481	1.2523	-1.843	0.462	-0.209	-1.291	-1.928	-2.485	-3.288	-3.958	-4.043	0.4787	0.0000	7.7	1	-11.592	0.000	3.1073255539	7
	0.001419	9.9777	0.8914641142	0.8219	2.6846	3.6446	1.1987	-1.942	0.451	-0.262	-1.364	-2.014	-2.580	-3.396	-4.079	-4.165	0.4787	0.0000	8.4	1	-11.599	0.000	3.1073284149	7
	0.001419	9.9777	0.8914722800	0.8219	2.7241	3.6412	1.1455	-2.040	0.440	-0.314	-1.438	-2.099	-2.674	-3.504	-4.199	-4.287	0.4787	0.0000	9.3	1	-11.607	0.000	3.1073312759	7
	0.001419	9.9777	0.8914802670	0.8219	2.7637	3.6377	1.0918	-2.139	0.433	-0.365	-1.510	-2.184	-2.767	-3.612	-4.319	-4.410	0.4787	0.0000	10.2	1	-11.616	0.000	3.1073338985	7
	0.001419	9.9777	0.8914875984	0.8219	2.8029	3.6342	1.0387	-2.237	0.429	-0.414	-1.581	-2.268	-2.860	-3.718	-4.438	-4.530	0.4787	0.0000	11.2	1	-11.627	0.000	3.1073365211	7
	0.001419	9.9777	0.8914945126	0.8219	2.8415	3.6308	0.9864	-2.334	0.437	-0.458	-1.649	-2.350	-2.951	-3.823	-4.554	-4.649	0.4787	0.0000	12.3	1	-11.638	0.000	3.1073389053	7
	0.001419	9.9777	0.8915008307	0.8219	2.8794	3.6274	0.9349	-2.429	0.481	-0.488	-1.713	-2.431	-3.042	-3.928	-4.668	-4.764	0.4787	0.0000	13.4	1	-11.651	0.000	3.1073410511	7
	0.001419	9.9777	0.8915057182	0.8219	2.9155	3.6241	0.8859	-2.519	0.526	-0.516	-1.773	-2.507	-3.129	-4.027	-4.776	-4.874	0.4787	0.0000	14.6	1	-11.664	0.000	3.1073427200	7
	0.001419	9.9777	0.8915094733	0.8219	2.9506	3.6210	0.8381	-2.606	0.573	-0.542	-1.831	-2.580	-3.212	-4.123	-4.881	-4.981	0.4787	0.0000	15.9	1	-11.679	0.000	3.1073441505	7
	0.001419	9.9777	0.8915129900	0.8219	2.9877	3.6176	0.7875	-2.699	0.627	-0.566	-1.889	-2.657	-3.300	-4.225	-4.992	-5.094	0.4787	0.0000	17.4	1	-11.696	0.000	3.1073453426	7
	0.001419	9.9777	0.8915162683	0.8220	3.0268	3.6140	0.7341	-2.797	0.689	-0.590	-1.950	-2.736	-3.391	-4.331	-5.108	-5.213	0.4787	0.0000	19.2	1	-11.717	0.000	3.1073465347	7
	0.001419	9.9777	0.8915194273	0.8220	3.0674	3.6103	0.6787	-2.898	0.755	-0.614	-2.013	-2.818	-3.485	-4.442	-5.230	-5.337	0.4787	0.0000	21.2	1	-11.482	0.000	3.1073474884	7
	0.001419	9.9777	0.8915217519	0.8220	3.1021	3.6071	0.6313	-2.985	0.816	-0.632	-2.064	-2.887	-3.565	-4.536	-5.333	-5.443	0.4787	0.0000	23.0	1	-11.156	0.000	3.1073484421	7
	0.001419	9.9777	0.8915225267	0.8220	3.1039	3.6070	0.6290	-2.990	0.818	-0.633	-2.067	-2.890	-3.569	-4.540	-5.338	-5.448	0.4787	0.0000	23.1	1	-11.140	0.000	3.1073486805	7
	0.001419	9.9777	0.8915225863	0.8220	3.0932	3.6080	0.6436	-2.963	0.798	-0.628	-2.051	-2.870	-3.545	-4.511	-5.306	-5.415	0.4787	0.0000	22.5	1	-11.241	0.000	3.1073486805	7
	0.001419	9.9777	0.8915226460	0.8220	3.0827	3.6090	0.6580	-2.937	0.779	-0.623	-2.036	-2.849	-3.521	-4.483	-5.275	-5.384	0.4787	0.0000	22.0	1	-11.339	0.000	3.1073486805	7
	0.001419	9.9777	0.8915226460	0.8220	3.0929	3.6080	0.6440	-2.962	0.798	-0.628	-2.051	-2.869	-3.544	-4.511	-5.305	-5.415	0.4787	0.0000	22.5	1	-11.243	0.000	3.1073486805	7
	0.001419	9.9777	0.8915227652	0.8220	3.1067	3.6067	0.6251	-2.997	0.823	-0.634	-2.071	-2.896	-3.575	-4.548	-5.347	-5.457	0.4787	0.0000	23.3	1	-11.114	0.000	3.1073486805	7
	0.001419	9.9777	0.8915228248	0.8220	3.1200	3.6055	0.6068	-3.030	0.848	-0.641	-2.090	-2.922	-3.606	-4.584	-5.387	-5.498	0.4787	0.0000	24.1	1	-10.989	0.000	3.1073486805	7
	0.001419	9.9777	0.8915229440	0.8220	3.1338	3.6042	0.5879	-3.064	0.874	-0.647	-2.110	-2.949	-3.637	-4.621	-5.428	-5.539	0.4787	0.0000	24.9	1	-10.861	0.000	3.1073486805	7
	0.001419	9.9777	0.8915231228	0.8220	3.1481	3.6029	0.5682	-3.100	0.901	-0.653	-2.131	-2.976	-3.669	-4.660	-5.470	-5.583	0.4787	0.0000	25.8	1	-10.727	0.000	3.1073489189	7
	0.001419	9.9777	0.8915234804	0.8220	3.1642	3.6013	0.5460	-3.140	0.932	-0.661	-2.154	-3.008	-3.706	-4.703	-5.519	-5.633	0.4787	0.0000	26.8	1	-10.577	0.000	3.1073489189	7
	0.001419	9.9777	0.8915239573	0.8220	3.1820	3.5997	0.5214	-3.185	0.966	-0.668	-2.179	-3.042	-3.746	-4.751	-5.572	-5.687	0.4787	0.0000	28.1	1	-10.412	0.000	3.1073491573	7
	0.001419	9.9777	0.8915247321	0.8220	3.2004	3.5979	0.4962	-3.231	1.000	-0.675	-2.204	-3.077	-3.787	-4.800	-5.626	-5.743	0.4787	0.0000	29.4	1	-10.244	0.000	3.1073493958	7
	0.001419	9.9777	0.8915264010	0.8220	3.2468	3.5936	0.4325	-3.347	1.055	-0.700	-2.267	-3.164	-3.890	-4.923	-5.762	-5.884	0.4787	0.0000	33.0	1	-9.823	0.000	3.1073498726	7
	0.001419	9.9777	0.8915265799	0.8220	3.2475	3.5936	0.4317	-3.349	1.055	-0.701	-2.268	-3.166	-3.892	-4.925	-5.764	-5.886	0.4787	0.5323	33.0	1	-9.818	0.000	3.1073501110	7
	0.001419	9.9777	0.8915265799	0.8220	3.2475	3.5936	0.4317	-3.349	1.055	-0.701	-2.268	-3.165	-3.892	-4.925	-5.764	-5.886	0.4787	0.5323	33.0	1	-9.818	0.000	3.1073501110	7
	0.001419	9.9777	0.8915265799	0.8220	3.2475	3.5936	0.4317	-3.349	1.055	-0.701	-2.268	-3.165	-3.892	-4.925	-5.764	-5.886	0.4787	0.5322	33.0	1	-9.818	0.000	3.1073501110	7
	0.001419	9.9777	0.8915265799	0.8220	3.2475	3.5936	0.4318	-3.349	1.055	-0.701	-2.268	-3.165	-3.892	-4.925	-5.764	-5.886	0.4787	0.5321	33.0	1	-9.818	0.000	3.1073501110	7
	0.001419	9.9777	0.8915265799	0.8220	3.2474	3.5936	0.4318	-3.349	1.055	-0.701	-2.268	-3.165	-3.892	-4.925	-5.764	-5.886	0.4787	0.5321	33.0	1	-9.818	0.000	3.1073501110	7
	0.001419	9.9777	0.8915265799	0.8220	3.2474	3.5936	0.4318	-3.349	1.055	-0.701	-2.268	-3.165	-3.892	-4.925	-5.764	-5.886	0.4787	0.5320	33.0	1	-9.818	0.000	3.1073501110	7
	0.001419	9.9777	0.8915265799	0.8220	3.2474	3.5936	0.4318	-3.349	1.055	-0.701	-2.268	-3.165	-3.892	-4.925	-5.764	-5.886	0.4787	0.5320	33.0	1	-9.818	0.000	3.1073501110	7
	0.001419	9.9777	0.8915265799	0.8220	3.2474	3.5936	0.4318	-3.348	1.055	-0.701	-2.268	-3.165	-3.892	-4.925	-5.764	-5.886	0.4787	0.5319	33.0	1	-9.819	0.000	3.1073501110	7
	0.001419	9.9777	0.8915265799	0.8220	3.2474	3.5936	0.4319	-3.348	1.055	-0.701	-2.268	-3.165	-3.892	-4.925	-5.764	-5.886	0.4787	0.5318	33.0	1	-9.819	0.000	3.1073501110	7
	0.001419	9.9777	0.8915265799	0.8220	3.2474	3.5936	0.4319	-3.348	1.055	-0.701	-2.268	-3.165	-3.892	-4.925	-5.764	-5.886	0.4787	0.5318	33.0	1	-9.819	0.000	3.1073501110	7
	0.001419	9.9777	0.8915265799	0.8220	3.2474	3.5936	0.4319	-3.348	1.055	-0.701	-2.268	-3.165	-3.892	-4.925	-5.764	-5.886	0.4787	0.5317	33.0	1	-9.819	0.000	3.1073501110	7
	0.001419	9.9777	0.8915265799	0.8220	3.2473	3.5936	0.4319	-3.348	1.055	-0.701	-2.268	-3.165	-3.892	-4.925	-5.764	-5.886	0.4787	0.5317	33.0	1	-9.819	0.000	3.1073501110	7
	0.001419	9.9777	0.8915265799	0.8220	3.2473	3.5936	0.4319	-3.348	1.055	-0.701	-2.268	-3.165	-3.891	-4.925	-5.764	-5.886	0.4787	0.5316	33.0	1	-9.819	0.000	3.1073501110	7
	0.001419	9.9777	0.8915265799	0.8220	3.2473	3.5936	0.4320	-3.348	1.054	-0.701	-2.268	-3.165	-3.891	-4.925	-5.764	-5.886	0.4787	0.5316	33.0	1	-9.819	0.000	3.1073501110	7
	0.001419	9.9777	0.8915266395	0.8220	3.2473	3.5936	0.4320	-3.348	1.054	-0.701	-2.268	-3.165	-3.891	-4.925	-5.764	-5.886	0.4787	0.5315	33.0	1	-9.819	0.000	3.1073501110	7
	0.001419	9.9777	0.8915266395	0.8220	3.2473	3.5936	0.4320	-3.348	1.054	-0.701	-2.268	-3.165	-3.891	-4.924	-5.764	-5.886	0.4787	0.5314	33.0	1	-9.820	0.000	3.1073501110	7
	0.001419	9.9777	0.8915266395	0.8220	3.2473	3.5936	0.4320	-3.348	1.054	-0.701	-2.268	-3.165	-3.891	-4.924	-5.764	-5.886	0.4787	0.5314	33.0	1	-9.820	0.000	3.1073501110	7
	0.001419	9.9777	0.8915266395	0.8220	3.2473	3.5936	0.4320	-3.348	1.054	-0.701	-2.268	-3.165	-3.891	-4.924	-5.764	-5.886	0.4787	0.5313	33.0	1	-9.820	0.000	3.1073501110	7
	0.001419	9.9777	0.8915266395	0.8220	3.2472	3.5936	0.4321	-3.348	1.054	-0.701	-2.268	-3.165	-3.891	-4.924	-5.763	-5.886	0.4787	0.5313	33.0	1	-9.820	0.000	3.1073501110	7
	0.001419	9.9777	0.8915266395	0.8220	3.2472	3.5936	0.4321	-3.348	1.054	-0.701	-2.267	-3.165	-3.891	-4.924	-5.763	-5.886	0.4787	0.5312	33.0	1	-9.820	0.000	3.1073501110	7
	0.001419	9.9777	0.8915266395	0.8220	3.2472	3.5936	0.4321	-3.348	1.054	-0.701	-2.267	-3.165	-3.891	-4.924	-5.763	-5.885	0.4787	0.5311	33.0	1	-9.820	0.000	3.1073501110	7
	0.001419	9.9777	0.8915266395	0.8220	3.2472	3.5936	0.4321	-3.348	1.054	-0.701	-2.267	-3.165	-3.891	-4.924	-5.763	-5.885	0.4787	0.5311	33.0	1	-9.820	0.000	3.1073501110	7
	0.001419	9.9777	0.8915266395	0.8220	3.2472	3.5936	0.4322	-3.348	1.054	-0.701	-2.267	-3.165	-3.891	-4.924	-5.763	-5.885	0.4787	0.5310	33.0	1	-9.821	0.000	3.1073501110	7
	0.001419	9.9777	0.8915266395	0.8220	3.2472	3.5936	0.4322	-3.348	1.054	-0.701	-2.267	-3.165	-3.891	-4.924	-5.763	-5.885	0.4787	0.5310	33.0	1	-9.821	0.000	3.1073501110	7
	0.001419	9.9777	0.8915266395	0.8220	3.2472	3.5936	0.4322	-3.348	1.054	-0.701	-2.267	-3.165	-3.891	-4.924	-5.763	-5.885	0.4787	0.5309	33.0	1	-9.821	0.000	3.1073501110	7
	0.001419	9.9777	0.8915266395	0.8220	3.2471	3.5936	0.4322	-3.348	1.054	-0.701	-2.267	-3.165	-3.891	-4.924	-5.763	-5.885	0.4787	0.5308	33.0	1	-9.821	0.000	3.1073501110	7
	0.001419	9.9777	0.8915266395	0.8220	3.2471	3.5936	0.4322	-3.348	1.054	-0.701	-2.267	-3.165	-3.891	-4.924	-5.763	-5.885	0.4787	0.5308	33.0	1	-9.821	0.000	3.1073501110	8
	0.001419	9.9777	0.8915266395	0.9220	3.2862	3.5924	0.4380	-3.445	0.989	-0.779	-2.351	-3.254	-3.984	-5.023	-5.867	-5.991	0.4479	0.5335	32.0	1	-10.542	-0.090	3.1073501110	8
	0.001419	9.9777	0.8915268779	0.9194	3.2913	3.5918	0.4293	-3.458	1.000	-0.780	-2.356	-3.263	-3.995	-5.036	-5.883	-6.007	0.4479	0.5337	32.5	1	-10.452	-0.091	3.1073501110	8
	0.001419	9.9777	0.8915271163	0.9168	3.2963	3.5912	0.4207	-3.471	1.011	-0.780	-2.361	-3.271	-4.006	-5.050	-5.898	-6.023	0.4479	0.5338	33.0	1	-10.363	-0.091	3.1073503494	8
	0.001419	9.9777	0.8915273547	0.9141	3.3014	3.5906	0.4120	-3.483	1.022	-0.780	-2.367	-3.280	-4.017	-5.064	-5.914	-6.039	0.4479	0.5340	33.5	1	-10.275	-0.091	3.1073503494	8
	0.001419	9.9777	0.8915275931	0.9115	3.3065	3.5900	0.4033	-3.496	1.033	-0.779	-2.372	-3.289	-4.027	-5.077	-5.929	-6.056	0.4479	0.5341	34.0	1	-10.187	-0.091	3.1073503494	8
	0.001419	9.9777	0.8915277719	0.9089	3.3115	3.5894	0.3946	-3.509	1.046	-0.779	-2.376	-3.297	-4.038	-5.091	-5.945	-6.072	0.4479	0.5343	34.5	1	-10.101	-0.091	3.1073503494	8
	0.001419	9.9777	0.8915280104	0.9063	3.3166	3.5888	0.3859	-3.521	1.058	-0.778	-2.381	-3.305	-4.049	-5.104	-5.960	-6.088	0.4479	0.5344	35.0	1	-10.015	-0.091	3.1073505878	8
	0.001419	9.9777	0.8915282488	0.9037	3.3217	3.5882	0.3772	-3.534	1.070	-0.777	-2.386	-3.313	-4.060	-5.118	-5.975	-6.104	0.4479	0.5346	35.6	1	-9.930	-0.091	3.1073505878	8
	0.001419	9.9777	0.8915284872	0.9010	3.3267	3.5876	0.3685	-3.547	1.083	-0.777	-2.390	-3.321	-4.070	-5.131	-5.991	-6.120	0.4479	0.5347	36.1	1	-9.846	-0.091	3.1073508263	8
	0.001419	9.9777	0.8915287256	0.8984	3.3318	3.5870	0.3598	-3.560	1.095	-0.776	-2.395	-3.330	-4.081	-5.145	-6.006	-6.136	0.4479	0.5349	36.7	1	-9.763	-0.092	3.1073508263	8
	0.001419	9.9777	0.8915289640	0.8958	3.3369	3.5864	0.3511	-3.572	1.107	-0.775	-2.400	-3.338	-4.092	-5.159	-6.022	-6.152	0.4479	0.5350	37.2	1	-9.680	-0.092	3.1073508263	8
	0.001419	9.9777	0.8915292025	0.8932	3.3419	3.5859	0.3424	-3.585	1.120	-0.775	-2.404	-3.346	-4.102	-5.172	-6.037	-6.168	0.4479	0.5352	37.8	1	-9.599	-0.092	3.1073510647	8
	0.001419	9.9777	0.8915294409	0.8906	3.3470	3.5853	0.3337	-3.598	1.132	-0.774	-2.409	-3.354	-4.113	-5.186	-6.052	-6.185	0.4479	0.5353	38.4	1	-9.519	-0.092	3.1073510647	8
	0.001419	9.9777	0.8915296793	0.8879	3.3521	3.5847	0.3250	-3.610	1.144	-0.773	-2.413	-3.362	-4.124	-5.199	-6.068	-6.201	0.4479	0.5355	38.9	1	-9.440	-0.092	3.1073510647	8
	0.001419	9.9777	0.8915298581	0.8853	3.3571	3.5841	0.3163	-3.623	1.157	-0.773	-2.418	-3.371	-4.134	-5.213	-6.083	-6.217	0.4479	0.5356	39.5	1	-9.361	-0.092	3.1073513031	8
	0.001419	9.9777	0.8915300965	0.8827	3.3622	3.5835	0.3076	-3.636	1.169	-0.772	-2.423	-3.379	-4.145	-5.226	-6.098	-6.233	0.4479	0.5358	40.1	1	-9.284	-0.092	3.1073513031	8
	0.001419	9.9777	0.8915303349	0.8801	3.3673	3.5829	0.2988	-3.648	1.182	-0.771	-2.427	-3.387	-4.156	-5.240	-6.114	-6.249	0.4479	0.5359	40.7	1	-9.208	-0.092	3.1073513031	8
	0.001419	9.9777	0.8915305734	0.8775	3.3723	3.5823	0.2901	-3.661	1.194	-0.771	-2.432	-3.395	-4.166	-5.253	-6.129	-6.265	0.4479	0.5361	41.4	1	-9.133	-0.093	3.1073515415	8
	0.001419	9.9777	0.8915308118	0.8748	3.3774	3.5817	0.2814	-3.674	1.207	-0.770	-2.436	-3.403	-4.177	-5.267	-6.145	-6.281	0.4479	0.5362	42.0	1	-9.059	-0.093	3.1073515415	8
	0.001419	9.9777	0.8915310502	0.8722	3.3825	3.5811	0.2726	-3.686	1.219	-0.769	-2.441	-3.411	-4.188	-5.280	-6.160	-6.297	0.4479	0.5364	42.6	1	-8.986	-0.093	3.1073515415	8
	0.001419	9.9777	0.8915312886	0.8696	3.3876	3.5805	0.2639	-3.699	1.232	-0.768	-2.446	-3.420	-4.198	-5.294	-6.175	-6.314	0.4479	0.5365	43.3	1	-8.914	-0.093	3.1073517799	8
	0.001419	9.9777	0.8915315270	0.8670	3.3926	3.5799	0.2552	-3.712	1.244	-0.768	-2.450	-3.428	-4.209	-5.307	-6.191	-6.330	0.4479	0.5367	44.0	1	-8.843	-0.093	3.1073517799	8
	0.001419	9.9777	0.8915317059	0.8644	3.3977	3.5793	0.2464	-3.724	1.256	-0.766	-2.454	-3.435	-4.219	-5.321	-6.206	-6.346	0.4479	0.5368	44.6	1	-8.774	-0.093	3.1073517799	8
	0.001419	9.9777	0.8915319443	0.8617	3.4028	3.5788	0.2377	-3.737	1.268	-0.765	-2.458	-3.442	-4.230	-5.334	-6.221	-6.362	0.4479	0.5370	45.3	1	-8.705	-0.093	3.1073520184	8
	0.001419	9.9777	0.8915321827	0.8591	3.4078	3.5782	0.2289	-3.750	1.279	-0.764	-2.462	-3.450	-4.240	-5.348	-6.237	-6.378	0.4479	0.5371	46.0	1	-8.638	-0.093	3.1073520184	8
	0.001419	9.9777	0.8915324211	0.8565	3.4129	3.5776	0.2201	-3.762	1.291	-0.762	-2.465	-3.457	-4.251	-5.361	-6.252	-6.394	0.4479	0.5373	46.7	1	-8.572	-0.094	3.1073520184	8
	0.001419	9.9777	0.8915326595	0.8539	3.4180	3.5770	0.2114	-3.775	1.303	-0.761	-2.469	-3.464	-4.261	-5.374	-6.267	-6.410	0.4479	0.5374	47.5	1	-8.507	-0.094	3.1073522568	8
	0.001419	9.9777	0.8915329576	0.8476	3.4213	3.5769	0.2045	-3.783	1.303	-0.765	-2.476	-3.472	-4.269	-5.383	-6.276	-6.419	0.4479	0.5377	50.7	1	-8.440	-0.094	3.1073522568	8
	0.001419	9.9777	0.8915333152	0.8413	3.4246	3.5768	0.1975	-3.792	1.303	-0.769	-2.482	-3.479	-4.277	-5.392	-6.284	-6.428	0.4479	0.5380	51.2	1	-8.378	-0.094	3.1073524952	8
	0.001419	9.9777	0.8915336132	0.8351	3.4279	3.5767	0.1905	-3.800	1.303	-0.774	-2.488	-3.486	-4.285	-5.400	-6.293	-6.437	0.4479	0.5383	51.8	1	-8.321	-0.094	3.1073524952	8
	0.001419	9.9777	0.8915339112	0.8288	3.4313	3.5766	0.1835	-3.808	1.303	-0.778	-2.495	-3.493	-4.293	-5.409	-6.302	-6.446	0.4479	0.5386	52.4	1	-8.267	-0.094	3.1073524952	8
	0.001419	9.9777	0.8915342689	0.8225	3.4346	3.5765	0.1765	-3.816	1.304	-0.782	-2.501	-3.501	-4.301	-5.418	-6.310	-6.454	0.4479	0.5389	114.2	0	-10.128	-0.094	3.1073527336	8
	0.001419	9.9777	0.8915345669	0.8163	3.4379	3.5764	0.1695	-3.825	1.304	-0.786	-2.507	-3.508	-4.309	-5.426	-6.319	-6.463	0.4479	0.5392	116.0	0	-10.055	-0.095	3.1073527336	8
	0.001419	9.9777	0.8915348649	0.8100	3.4412	3.5763	0.1624	-3.833	1.304	-0.790	-2.514	-3.515	-4.317	-5.435	-6.327	-6.472	0.4479	0.5395	117.7	0	-9.982	-0.095	3.1073529720	8
	0.001419	9.9777	0.8915351629	0.8037	3.4445	3.5762	0.1553	-3.841	1.305	-0.794	-2.520	-3.523	-4.325	-5.443	-6.336	-6.481	0.4479	0.5398	119.5	0	-9.909	-0.095	3.1073529720	8
	0.001419	9.9777	0.8915355206	0.7975	3.4479	3.5761	0.1482	-3.850	1.305	-0.799	-2.526	-3.530	-4.333	-5.452	-6.345	-6.490	0.4479	0.5401	121.4	0	-9.835	-0.095	3.1073532104	8
	0.001419	9.9777	0.8915358186	0.7912	3.4512	3.5760	0.1411	-3.858	1.305	-0.803	-2.533	-3.537	-4.341	-5.461	-6.353	-6.498	0.4479	0.5404	123.3	0	-9.760	-0.095	3.1073532104	8
	0.001419	9.9777	0.8915361166	0.7849	3.4545	3.5759	0.1339	-3.866	1.306	-0.807	-2.539	-3.545	-4.349	-5.469	-6.362	-6.507	0.4479	0.5407	125.2	0	-9.686	-0.095	3.1073534489	8
	0.001419	9.9777	0.8915364742	0.7786	3.4578	3.5758	0.1267	-3.875	1.306	-0.811	-2.545	-3.552	-4.357	-5.478	-6.371	-6.516	0.4479	0.5410	127.2	0	-9.611	-0.096	3.1073534489	8
	0.001419	9.9777	0.8915367723	0.7724	3.4612	3.5757	0.1195	-3.883	1.306	-0.815	-2.552	-3.559	-4.365	-5.487	-6.379	-6.525	0.4479	0.5413	129.2	0	-9.535	-0.096	3.1073536873	8
	0.001419	9.9777	0.8915370703	0.7661	3.4645	3.5756	0.1122	-3.891	1.307	-0.819	-2.558	-3.567	-4.373	-5.495	-6.388	-6.534	0.4479	0.5416	131.2	0	-9.459	-0.096	3.1073536873	8
	0.001419	9.9777	0.8915374279	0.7598	3.4678	3.5755	0.1049	-3.900	1.307	-0.823	-2.564	-3.574	-4.381	-5.504	-6.396	-6.543	0.4479	0.5419	133.3	0	-9.383	-0.096	3.1073539257	8
	0.001419	9.9777	0.8915377259	0.7536	3.4711	3.5754	0.0976	-3.908	1.308	-0.827	-2.571	-3.581	-4.389	-5.513	-6.405	-6.551	0.4479	0.5422	135.4	0	-9.307	-0.096	3.1073539257	8
	0.001419	9.9777	0.8915380239	0.7473	3.4744	3.5753	0.0903	-3.916	1.308	-0.831	-2.577	-3.589	-4.397	-5.521	-6.414	-6.560	0.4479	0.5425	137.6	0	-9.230	-0.096	3.1073539257	8
	0.001419	9.9777	0.8915383816	0.7410	3.4778	3.5752	0.0829	-3.924	1.309	-0.835	-2.583	-3.596	-4.405	-5.530	-6.422	-6.569	0.4479	0.5428	139.8	0	-9.152	-0.097	3.1073541641	8
	0.001419	9.9777	0.8915386796	0.7348	3.4811	3.5751	0.0755	-3.933	1.310	-0.839	-2.590	-3.603	-4.413	-5.538	-6.431	-6.578	0.4479	0.5431	142.0	0	-9.074	-0.097	3.1073541641	8
	0.001419	9.9777	0.8915389776	0.7285	3.4844	3.5750	0.0680	-3.941	1.310	-0.843	-2.596	-3.611	-4.422	-5.547	-6.439	-6.587	0.4479	0.5434	144.3	0	-8.996	-0.097	3.1073544025	8
	0.001419	9.9777	0.8915392756	0.7222	3.4877	3.5749	0.0606	-3.949	1.311	-0.848	-2.602	-3.618	-4.430	-5.556	-6.448	-6.595	0.4479	0.5436	146.6	0	-8.917	-0.097	3.1073544025	8
	0.001419	9.9777	0.8915396333	0.7160	3.4911	3.5748	0.0530	-3.958	1.311	-0.852	-2.609	-3.625	-4.438	-5.564	-6.457	-6.604	0.4479	0.5439	149.0	0	-8.838	-0.097	3.1073546410	8
	0.001419	9.9777	0.8915399313	0.7097	3.4944	3.5747	0.0455	-3.966	1.312	-0.856	-2.615	-3.633	-4.446	-5.573	-6.465	-6.613	0.4479	0.5442	151.5	0	-8.758	-0.097	3.1073546410	8
	0.001419	9.9777	0.8915402293	0.7034	3.4977	3.5746	0.0379	-3.974	1.313	-0.860	-2.621	-3.640	-4.454	-5.582	-6.474	-6.622	0.4479	0.5445	153.9	0	-8.678	-0.097	3.1073548794	8
	0.001419	9.9777	0.8915405869	0.6971	3.5010	3.5745	0.0303	-3.983	1.314	-0.863	-2.628	-3.647	-4.462	-5.590	-6.482	-6.631	0.4479	0.5448	156.5	0	-8.598	-0.098	3.1073548794	8
	0.001419	9.9777	0.8915408850	0.6909	3.5044	3.5744	0.0227	-3.991	1.314	-0.867	-2.634	-3.655	-4.470	-5.599	-6.491	-6.639	0.4479	0.5451	159.1	0	-8.516	-0.098	3.1073551178	8
	0.001419	9.9777	0.8915410638	0.6856	3.5065	3.5762	0.0246	-3.996	1.254	-0.908	-2.664	-3.676	-4.482	-5.603	-6.488	-6.634	0.4479	0.5453	158.3	0	-8.510	-0.098	3.1073551178	8
	0.001419	9.9777	0.8915412426	0.6804	3.5086	3.5781	0.0265	-4.002	1.193	-0.949	-2.695	-3.697	-4.495	-5.607	-6.485	-6.628	0.4479	0.5455	157.6	0	-8.502	-0.098	3.1073551178	8
	0.001419	9.9777	0.8915414214	0.6752	3.5108	3.5799	0.0283	-4.007	1.133	-0.990	-2.725	-3.719	-4.508	-5.611	-6.482	-6.623	0.4479	0.5457	156.8	0	-8.495	-0.098	3.1073551178	8
	0.001419	9.9777	0.8915416002	0.6699	3.5129	3.5818	0.0302	-4.012	1.069	-1.029	-2.754	-3.738	-4.521	-5.615	-6.478	-6.617	0.4479	0.5458	156.1	0	-8.487	-0.098	3.1073553562	8
	0.001419	9.9777	0.8915418386	0.6647	3.5151	3.5836	0.0320	-4.018	1.005	-1.068	-2.782	-3.757	-4.533	-5.619	-6.475	-6.611	0.4479	0.5460	155.4	0	-8.478	-0.098	3.1073553562	8
	0.001419	9.9777	0.8915420175	0.6595	3.5172	3.5854	0.0337	-4.023	0.941	-1.107	-2.810	-3.776	-4.545	-5.623	-6.471	-6.606	0.4479	0.5462	154.7	0	-8.470	-0.098	3.1073553562	8
	0.001419	9.9777	0.8915421963	0.6543	3.5193	3.5873	0.0355	-4.028	0.877	-1.146	-2.839	-3.795	-4.558	-5.627	-6.468	-6.600	0.4479	0.5464	154.0	0	-8.461	-0.098	3.1073553562	8
	0.001419	9.9777	0.8915423751	0.6490	3.5215	3.5891	0.0372	-4.034	0.813	-1.185	-2.867	-3.814	-4.570	-5.631	-6.464	-6.594	0.4479	0.5465	153.3	0	-8.451	-0.098	3.1073555946	8
	0.001419	9.9777	0.8915425539	0.6438	3.5236	3.5909	0.0389	-4.039	0.748	-1.224	-2.895	-3.833	-4.583	-5.634	-6.460	-6.588	0.4479	0.5467	152.7	0	-8.441	-0.098	3.1073555946	8
	0.001419	9.9777	0.8915427327	0.6386	3.5258	3.5928	0.0406	-4.044	0.684	-1.263	-2.922	-3.851	-4.595	-5.638	-6.455	-6.581	0.4479	0.5469	152.0	0	-8.431	-0.098	3.1073555946	8
	0.001419	9.9777	0.8915429115	0.6333	3.5279	3.5946	0.0422	-4.050	0.619	-1.302	-2.950	-3.870	-4.608	-5.641	-6.451	-6.575	0.4479	0.5471	151.4	0	-8.420	-0.098	3.1073555946	8
	0.001419	9.9777	0.8915430903	0.6281	3.5300	3.5965	0.0438	-4.055	0.554	-1.341	-2.978	-3.888	-4.620	-5.645	-6.446	-6.568	0.4479	0.5472	150.7	0	-8.409	-0.098	3.1073558331	8
	0.001419	9.9777	0.8915432692	0.6229	3.5322	3.5983	0.0454	-4.060	0.489	-1.380	-3.005	-3.907	-4.633	-5.648	-6.441	-6.562	0.4479	0.5474	150.1	0	-8.398	-0.098	3.1073558331	8
	0.001419	9.9777	0.8915435076	0.6176	3.5343	3.6001	0.0469	-4.066	0.425	-1.418	-3.033	-3.925	-4.645	-5.652	-6.437	-6.555	0.4479	0.5476	149.5	0	-8.386	-0.098	3.1073558331	8
	0.001419	9.9777	0.8915436864	0.6124	3.5365	3.6020	0.0484	-4.071	0.367	-1.453	-3.057	-3.942	-4.656	-5.655	-6.433	-6.550	0.4479	0.5478	148.9	0	-8.374	-0.098	3.1073560715	8
	0.001419	9.9777	0.8915438652	0.6072	3.5386	3.6038	0.0499	-4.076	0.308	-1.487	-3.081	-3.958	-4.667	-5.658	-6.429	-6.544	0.4479	0.5479	148.3	0	-8.361	-0.098	3.1073560715	8
	0.001419	9.9777	0.8915440440	0.6019	3.5407	3.6056	0.0514	-4.082	0.249	-1.522	-3.105	-3.974	-4.678	-5.661	-6.426	-6.539	0.4479	0.5481	147.8	0	-8.348	-0.098	3.1073560715	8
	0.001419	9.9777	0.8915442228	0.5967	3.5429	3.6075	0.0528	-4.087	0.191	-1.556	-3.129	-3.990	-4.689	-5.664	-6.422	-6.533	0.4479	0.5483	147.2	0	-8.334	-0.098	3.1073560715	8
	0.001419	9.9777	0.8915444016	0.5915	3.5450	3.6093	0.0542	-4.093	0.132	-1.591	-3.153	-4.007	-4.701	-5.667	-6.418	-6.527	0.4479	0.5485	146.7	0	-8.320	-0.098	3.1073563099	8
	0.001419	9.9777	0.8915445805	0.5862	3.5472	3.6111	0.0555	-4.098	0.071	-1.626	-3.177	-4.023	-4.712	-5.670	-6.414	-6.521	0.4479	0.5486	146.1	0	-8.305	-0.098	3.1073563099	8
	0.001419	9.9777	0.8915447593	0.5810	3.5493	3.6130	0.0568	-4.103	0.010	-1.661	-3.201	-4.040	-4.722	-5.672	-6.409	-6.515	0.4479	0.5488	145.6	0	-8.290	-0.098	3.1073563099	8
	0.001419	9.9777	0.8915449977	0.5758	3.5514	3.6148	0.0581	-4.109	-0.052	-1.696	-3.225	-4.056	-4.733	-5.675	-6.404	-6.508	0.4479	0.5490	145.1	0	-8.275	-0.098	3.1073565483	8
	0.001419	9.9777	0.8915451765	0.5705	3.5536	3.6167	0.0593	-4.114	-0.114	-1.731	-3.249	-4.072	-4.744	-5.677	-6.399	-6.502	0.4479	0.5492	144.6	0	-8.259	-0.099	3.1073565483	8
	0.001419	9.9777	0.8915453553	0.5653	3.5557	3.6185	0.0606	-4.119	-0.175	-1.766	-3.273	-4.089	-4.755	-5.680	-6.394	-6.495	0.4479	0.5493	144.1	0	-8.242	-0.099	3.1073565483	8
	0.001419	9.9777	0.8915455341	0.5601	3.5579	3.6203	0.0617	-4.125	-0.237	-1.801	-3.297	-4.105	-4.766	-5.682	-6.389	-6.489	0.4479	0.5495	143.7	0	-8.225	-0.099	3.1073565483	8
	0.001419	9.9777	0.8915457129	0.5549	3.5600	3.6222	0.0629	-4.130	-0.298	-1.835	-3.320	-4.120	-4.777	-5.684	-6.383	-6.482	0.4479	0.5497	143.2	0	-8.208	-0.099	3.1073567867	8
