# File generated by CMD 2.8 (http://stev.oapd.inaf.it/cmd) on Mon Sep  5 21:10:33 CEST 2016
# isochrones PARSEC release v1.2S + COLIBRI release PR16
# Basic references: Bressan et al. (2012), MNRAS, 427, 127 + Chen et al. (2014, 2015), MNRAS, 444, 2525 + MNRAS, 452, 1068 + Tang et al. (2014), MNRAS, 445, 4287 + Rosenfield et al. (2016, arXiv:1603.05283)
# Photometric system: <i>UBVRIJHK</i> (cf. Maiz-Apellaniz 2006 + Bessell 1990)
# Using NBC version of bolometric corrections as in Chen et al. (2014), MNRAS, 444, 2525
# BCs of Carbon stars derive from Aringer et al. (2009, A&A 503, 913)
# O-rich circumstellar dust ignored
# C-rich circumstellar dust ignored
# IMF: Chabrier (2001) lognormal 
# On RGB, assumed Reimers mass loss with efficiency eta=0.2
# Kind of output: isochrone tables
#	Isochrone  Z = 0.00084	Y = 0.24974	[M/H] = -1.269	eta_R = 0.200	Age = 	1.0300e+10 yr
#      Z	log(age/yr)	M_ini   	M_act	logL/Lo	logTe	logG	mbol    U       B       V       R       I       J       H       K	C/O	M_hec	period	pmode	logMdot	slope	int_IMF	stage
	0.000835	10.0128	0.0900000036	0.0900	-3.2051	3.4613	5.3946	12.783	20.714	17.919	15.909	14.028	12.226	10.783	10.435	10.304	0.4787	0.0000	0.0	1	-18.038	0.000	1.4676543474	1
	0.000835	10.0128	0.0974474400	0.0974	-3.0063	3.4897	5.3438	12.286	18.929	16.616	14.679	13.157	11.673	10.381	9.933	9.781	0.4787	0.0000	0.0	1	-18.004	0.000	1.5451308489	1
	0.000835	10.0128	0.1000000015	0.1000	-2.9416	3.4989	5.3272	12.124	18.383	16.219	14.318	12.886	11.500	10.250	9.778	9.618	0.4787	0.0000	0.0	1	-17.993	0.000	1.5704020262	1
	0.000835	10.0128	0.1199999973	0.1200	-2.6575	3.5313	5.2517	11.414	16.444	14.761	13.042	11.842	10.757	9.645	9.111	8.927	0.4787	0.0000	0.0	1	-17.914	0.000	1.7478251457	1
	0.000835	10.0128	0.1400000006	0.1400	-2.4762	3.5473	5.2016	10.961	15.481	13.992	12.381	11.260	10.293	9.241	8.690	8.498	0.4787	0.0000	0.0	1	-17.847	0.000	1.8958495855	1
	0.000835	10.0128	0.1599999964	0.1600	-2.3368	3.5576	5.1615	10.612	14.829	13.454	11.914	10.838	9.939	8.924	8.364	8.168	0.4787	0.0000	0.0	1	-17.789	0.000	2.0211524963	1
	0.000835	10.0128	0.2000000030	0.2000	-2.1171	3.5716	5.0945	10.063	13.898	12.668	11.220	10.204	9.385	8.418	7.849	7.647	0.4787	0.0000	0.0	1	-17.692	0.000	2.2217822075	1
	0.000835	10.0128	0.2500000000	0.2500	-1.9119	3.5828	5.0310	9.550	13.108	11.981	10.604	9.636	8.868	7.937	7.363	7.160	0.4787	0.0000	0.0	1	-17.573	0.000	2.4080901146	1
	0.000835	10.0128	0.3000000119	0.3000	-1.7545	3.5913	4.9866	9.156	12.514	11.463	10.138	9.207	8.473	7.567	6.990	6.789	0.4787	0.0000	0.0	1	-16.636	0.000	2.5475041866	1
	0.000835	10.0128	0.3108764291	0.3109	-1.7250	3.5929	4.9793	9.083	12.404	11.366	10.051	9.127	8.399	7.498	6.920	6.720	0.4787	0.0000	0.0	1	-16.453	0.000	2.5732917786	1
	0.000835	10.0128	0.3499999940	0.3500	-1.6270	3.5985	4.9549	8.838	12.041	11.044	9.762	8.861	8.152	7.268	6.688	6.493	0.4787	0.0000	0.0	1	-15.843	0.000	2.6555202007	1
	0.000835	10.0128	0.4000000060	0.4000	-1.4797	3.6095	4.9096	8.469	11.448	10.529	9.311	8.454	7.780	6.928	6.345	6.161	0.4787	0.0000	0.0	1	-15.157	0.000	2.7413372993	1
	0.000835	10.0128	0.4499999881	0.4500	-1.3048	3.6270	4.8560	8.032	10.680	9.873	8.751	7.964	7.341	6.537	5.948	5.789	0.4787	0.0000	0.0	1	-14.551	0.000	2.8109800816	1
	0.000835	10.0128	0.4556184709	0.4556	-1.2814	3.6302	4.8508	7.973	10.562	9.775	8.670	7.896	7.282	6.486	5.897	5.743	0.4787	0.0000	0.0	1	-14.488	0.000	2.8179795742	1
	0.000835	10.0128	0.5000000000	0.4999	-1.1054	3.6545	4.8121	7.534	9.680	9.053	8.072	7.391	6.844	6.112	5.541	5.417	0.4787	0.0000	0.0	1	-14.010	0.000	2.8684780598	1
	0.000835	10.0128	0.5500000119	0.5499	-0.8909	3.6836	4.7557	6.997	8.594	8.214	7.365	6.794	6.316	5.670	5.157	5.058	0.4787	0.0000	0.0	1	-13.520	0.000	2.9166350365	1
	0.000835	10.0128	0.6000000238	0.5999	-0.6903	3.7111	4.7026	6.496	7.641	7.496	6.750	6.259	5.830	5.270	4.826	4.744	0.4787	0.0000	0.0	1	-13.073	0.000	2.9573988914	1
	0.000835	10.0128	0.6120428443	0.6119	-0.6406	3.7185	4.6914	6.372	7.413	7.322	6.602	6.130	5.713	5.176	4.749	4.671	0.4787	0.0000	0.0	1	-12.971	0.000	2.9663038254	1
	0.000835	10.0128	0.6285061240	0.6283	-0.5727	3.7286	4.6754	6.202	7.113	7.089	6.406	5.956	5.556	5.047	4.643	4.571	0.4787	0.0000	0.0	1	-12.834	0.000	2.9779717922	1
	0.000835	10.0128	0.6437270641	0.6435	-0.5099	3.7378	4.6596	6.045	6.852	6.881	6.230	5.798	5.412	4.927	4.542	4.475	0.4787	0.0000	0.0	1	-12.712	0.000	2.9882633686	1
	0.000835	10.0128	0.6499999762	0.6498	-0.4840	3.7415	4.6528	5.980	6.747	6.796	6.158	5.734	5.353	4.878	4.500	4.435	0.4787	0.0000	0.0	1	-12.662	0.000	2.9923686981	1
	0.000835	10.0128	0.6653564572	0.6651	-0.4202	3.7498	4.6324	5.821	6.503	6.593	5.985	5.577	5.209	4.755	4.393	4.333	0.4787	0.0000	0.0	1	-12.542	0.000	3.0021021366	1
	0.000835	10.0128	0.6797703505	0.6795	-0.3599	3.7574	4.6115	5.670	6.282	6.404	5.824	5.431	5.075	4.640	4.291	4.235	0.4787	0.0000	0.0	1	-12.432	0.000	3.0108501911	1
	0.000835	10.0128	0.6934545636	0.6932	-0.3020	3.7643	4.5900	5.525	6.078	6.227	5.672	5.291	4.946	4.527	4.190	4.139	0.4787	0.0000	0.0	1	-12.330	0.000	3.0188286304	1
	0.000835	10.0128	0.6999999881	0.6997	-0.2739	3.7675	4.5789	5.455	5.982	6.142	5.598	5.224	4.883	4.472	4.141	4.091	0.4787	0.0000	0.0	1	-12.281	0.000	3.0225379467	1
	0.000835	10.0128	0.7055426836	0.7052	-0.2498	3.7702	4.5688	5.394	5.901	6.070	5.535	5.166	4.829	4.424	4.097	4.049	0.4787	0.0000	0.0	1	-12.243	0.000	3.0256268978	1
	0.000835	10.0128	0.7151533961	0.7148	-0.2073	3.7746	4.5500	5.288	5.762	5.945	5.425	5.065	4.735	4.341	4.022	3.977	0.4787	0.0000	0.0	1	-12.176	0.000	3.0308728218	1
	0.000835	10.0128	0.7242770791	0.7239	-0.1662	3.7787	4.5307	5.185	5.630	5.824	5.319	4.967	4.644	4.260	3.948	3.906	0.4787	0.0000	0.0	1	-12.111	0.000	3.0357279778	1
	0.000835	10.0128	0.7365295887	0.7361	-0.1093	3.7840	4.5023	5.043	5.454	5.658	5.174	4.835	4.521	4.147	3.840	3.803	0.4787	0.0000	0.0	1	-12.023	0.000	3.0420646667	1
	0.000835	10.0128	0.7478504181	0.7474	-0.0547	3.7887	4.4730	4.907	5.290	5.500	5.034	4.707	4.402	4.035	3.733	3.701	0.4787	0.0000	0.0	1	-11.943	0.000	3.0477402210	1
	0.000835	10.0128	0.7500000000	0.7495	-0.0441	3.7895	4.4671	4.880	5.258	5.470	5.007	4.683	4.378	4.013	3.711	3.681	0.4787	0.0000	0.0	1	-11.928	0.000	3.0487992764	1
	0.000835	10.0128	0.7523717880	0.7519	-0.0324	3.7904	4.4603	4.851	5.225	5.437	4.978	4.655	4.352	3.989	3.688	3.658	0.4787	0.0000	0.0	1	-11.911	0.000	3.0499608517	1
	0.000835	10.0128	0.7639741898	0.7634	0.0272	3.7946	4.4241	4.702	5.056	5.270	4.826	4.512	4.217	3.861	3.566	3.540	0.4787	0.0000	0.0	1	-11.831	0.000	3.0555422306	1
	0.000835	10.0128	0.7747430205	0.7742	0.0860	3.7984	4.3866	4.555	4.893	5.106	4.675	4.371	4.082	3.734	3.444	3.422	0.4787	0.0000	0.0	1	-11.761	0.000	3.0605776310	1
	0.000835	10.0128	0.7843309641	0.7837	0.1420	3.8017	4.3489	4.415	4.741	4.952	4.532	4.234	3.951	3.610	3.326	3.306	0.4787	0.0000	0.0	1	-11.703	0.000	3.0649480820	1
	0.000835	10.0128	0.7931646109	0.7924	0.1968	3.8044	4.3099	4.278	4.596	4.803	4.393	4.100	3.821	3.486	3.208	3.189	0.4787	0.0000	0.0	1	-11.654	0.000	3.0688838959	1
	0.000835	10.0128	0.8000000119	0.7992	0.2414	3.8063	4.2764	4.166	4.480	4.683	4.279	3.989	3.714	3.384	3.110	3.091	0.4787	0.0000	0.0	1	-11.620	0.000	3.0718705654	1
	0.000835	10.0128	0.8035725951	0.8028	0.2651	3.8073	4.2586	4.107	4.419	4.619	4.218	3.931	3.658	3.330	3.058	3.039	0.4787	0.0000	0.0	1	-11.603	0.000	3.0734109879	1
	0.000835	10.0128	0.8110616207	0.8102	0.3182	3.8089	4.2161	3.975	4.283	4.478	4.083	3.799	3.529	3.205	2.937	2.918	0.4787	0.0000	0.0	1	-11.572	0.000	3.0765948296	1
	0.000835	10.0128	0.8169435263	0.8160	0.3630	3.8097	4.1775	3.863	4.170	4.361	3.969	3.687	3.419	3.096	2.830	2.812	0.4787	0.0000	0.0	1	-11.552	0.000	3.0790534019	1
	0.000835	10.0128	0.8187021017	0.8177	0.3777	3.8097	4.1636	3.826	4.134	4.323	3.932	3.650	3.382	3.059	2.793	2.775	0.4787	0.0000	0.0	1	-11.546	0.000	3.0797815323	1
	0.000835	10.0128	0.8255563974	0.8245	0.4386	3.8084	4.1011	3.674	3.989	4.172	3.779	3.496	3.226	2.900	2.632	2.614	0.4787	0.0000	0.1	1	-11.528	0.000	3.0825889111	1
	0.000835	10.0128	0.8307860494	0.8296	0.4914	3.8053	4.0387	3.541	3.870	4.048	3.648	3.360	3.086	2.753	2.479	2.460	0.4787	0.0000	0.1	1	-11.518	0.000	3.0846989155	1
	0.000835	10.0128	0.8316790462	0.8305	0.5012	3.8045	4.0263	3.517	3.849	4.026	3.624	3.335	3.059	2.724	2.449	2.430	0.4787	0.0000	0.1	1	-11.517	0.000	3.0850565434	2
	0.000835	10.0128	0.8347783089	0.8335	0.5395	3.7999	3.9708	3.421	3.770	3.945	3.531	3.234	2.951	2.605	2.321	2.300	0.4787	0.0000	0.1	1	-11.513	0.000	3.0862913132	2
	0.000835	10.0128	0.8376395702	0.8363	0.5794	3.7927	3.9039	3.322	3.704	3.873	3.437	3.125	2.831	2.470	2.175	2.148	0.4787	0.0000	0.1	1	-11.510	0.000	3.0874233246	2
	0.000835	10.0128	0.8397510052	0.8384	0.6121	3.7840	3.8372	3.240	3.665	3.830	3.364	3.032	2.723	2.344	2.037	2.002	0.4787	0.0000	0.1	1	-11.509	0.000	3.0882532597	2
	0.000835	10.0128	0.8413856030	0.8399	0.6380	3.7744	3.7738	3.175	3.653	3.808	3.310	2.958	2.634	2.233	1.909	1.867	0.4787	0.0000	0.1	1	-11.508	0.000	3.0888931751	2
	0.000835	10.0128	0.8427408934	0.8413	0.6602	3.7643	3.7119	3.119	3.661	3.798	3.267	2.896	2.556	2.130	1.786	1.739	0.4787	0.0000	0.1	1	-11.508	0.000	3.0894215107	2
	0.000835	10.0128	0.8439510465	0.8424	0.6875	3.7541	3.6446	3.051	3.664	3.777	3.214	2.824	2.468	2.017	1.653	1.601	0.4787	0.0000	0.1	1	-11.508	0.000	3.0898919106	2
	0.000835	10.0128	0.8448903561	0.8433	0.7219	3.7468	3.5815	2.965	3.634	3.727	3.140	2.737	2.369	1.900	1.521	1.465	0.4787	0.0000	0.1	1	-11.508	0.000	3.0902562141	2
	0.000835	10.0128	0.8456364870	0.8440	0.7613	3.7422	3.5237	2.867	3.572	3.652	3.049	2.638	2.264	1.781	1.392	1.334	0.4787	0.0000	0.2	1	-11.508	0.000	3.0905449390	2
	0.000835	10.0128	0.8458952308	0.8443	0.7762	3.7407	3.5029	2.830	3.547	3.622	3.015	2.601	2.224	1.738	1.345	1.286	0.4787	0.0000	0.2	1	-11.508	0.000	3.0906448364	3
	0.000835	10.0128	0.8463281393	0.8447	0.8059	3.7387	3.4655	2.755	3.490	3.558	2.944	2.527	2.147	1.655	1.258	1.198	0.4787	0.0000	0.2	1	-11.508	0.000	3.0908119678	3
	0.000835	10.0128	0.8468849063	0.8452	0.8470	3.7363	3.4152	2.652	3.409	3.468	2.846	2.426	2.042	1.542	1.139	1.078	0.4787	0.0000	0.2	1	-11.509	0.000	3.0910267830	3
	0.000835	10.0128	0.8475030661	0.8457	0.8970	3.7340	3.3564	2.528	3.305	3.356	2.726	2.302	1.914	1.408	0.999	0.937	0.4787	0.0000	0.2	1	-11.509	0.000	3.0912649632	3
	0.000835	10.0128	0.8480130434	0.8462	0.9418	3.7323	3.3047	2.415	3.209	3.253	2.618	2.190	1.800	1.288	0.874	0.812	0.4787	0.0000	0.2	1	-11.509	0.000	3.0914609432	3
	0.000835	10.0128	0.8485000730	0.8466	0.9878	3.7306	3.2524	2.301	3.109	3.147	2.507	2.076	1.683	1.166	0.748	0.685	0.4787	0.0000	0.2	1	-11.510	0.000	3.0916481018	3
	0.000835	10.0128	0.8489947915	0.8470	1.0380	3.7290	3.1959	2.175	2.999	3.030	2.385	1.952	1.556	1.034	0.611	0.548	0.4787	0.0000	0.3	1	-11.510	0.000	3.0918378830	3
	0.000835	10.0128	0.8494453430	0.8474	1.0875	3.7274	3.1402	2.051	2.891	2.915	2.265	1.830	1.431	0.903	0.476	0.413	0.4787	0.0000	0.3	1	-11.510	0.000	3.0920104980	3
	0.000835	10.0128	0.8498862386	0.8478	1.1403	3.7257	3.0808	1.919	2.775	2.793	2.137	1.699	1.298	0.764	0.332	0.269	0.4787	0.0000	0.3	1	-11.511	0.000	3.0921792984	3
	0.000835	10.0128	0.8500000238	0.8479	1.1548	3.7252	3.0645	1.883	2.743	2.759	2.102	1.663	1.261	0.726	0.293	0.229	0.4787	0.0000	0.3	1	-11.511	0.000	3.0922229290	3
	0.000835	10.0128	0.8502911925	0.8481	1.1934	3.7240	3.0211	1.786	2.658	2.670	2.009	1.567	1.164	0.625	0.188	0.124	0.4787	0.0000	0.4	1	-11.511	0.000	3.0923342705	3
	0.000835	10.0128	0.8506345153	0.8483	1.2428	3.7224	2.9652	1.663	2.551	2.556	1.889	1.445	1.039	0.494	0.053	-0.011	0.4787	0.0000	0.4	1	-11.512	0.000	3.0924654007	3
	0.000835	10.0128	0.8509268165	0.8485	1.2888	3.7208	2.9130	1.548	2.453	2.451	1.778	1.331	0.922	0.373	-0.072	-0.138	0.4787	0.0000	0.4	1	-11.512	0.000	3.0925769806	3
	0.000835	10.0128	0.8512188792	0.8487	1.3386	3.7191	2.8565	1.424	2.347	2.337	1.658	1.208	0.796	0.242	-0.208	-0.274	0.4787	0.0000	0.5	1	-11.512	0.000	3.0926883221	3
	0.000835	10.0128	0.8514712453	0.8488	1.3855	3.7174	2.8028	1.306	2.249	2.231	1.546	1.092	0.677	0.117	-0.338	-0.404	0.4787	0.0000	0.5	1	-11.513	0.000	3.0927846432	3
	0.000835	10.0128	0.8516961336	0.8489	1.4309	3.7156	2.7504	1.193	2.155	2.129	1.437	0.980	0.562	-0.003	-0.463	-0.531	0.4787	0.0000	0.6	1	-11.513	0.000	3.0928704739	3
	0.000835	10.0128	0.8519074321	0.8489	1.4775	3.7139	2.6969	1.076	2.058	2.024	1.326	0.865	0.445	-0.127	-0.592	-0.659	0.4787	0.0000	0.6	1	-11.513	0.000	3.0929508209	3
	0.000835	10.0128	0.8520956039	0.8490	1.5226	3.7120	2.6445	0.964	1.966	1.923	1.218	0.754	0.330	-0.247	-0.717	-0.785	0.4787	0.0000	0.7	1	-11.513	0.000	3.0930223465	3
	0.000835	10.0128	0.8522766829	0.8490	1.5698	3.7101	2.5895	0.846	1.869	1.819	1.106	0.638	0.211	-0.373	-0.848	-0.917	0.4787	0.0000	0.8	1	-11.514	0.000	3.0930912495	3
	0.000835	10.0128	0.8524367213	0.8489	1.6152	3.7082	2.5365	0.732	1.778	1.718	0.998	0.527	0.096	-0.493	-0.975	-1.044	0.4787	0.0000	0.8	1	-11.514	0.000	3.0931522846	3
	0.000835	10.0128	0.8525757790	0.8489	1.6581	3.7063	2.4861	0.625	1.694	1.625	0.897	0.422	-0.012	-0.608	-1.094	-1.165	0.4787	0.0000	0.9	1	-11.514	0.000	3.0932052135	3
	0.000835	10.0128	0.8527082801	0.8488	1.7023	3.7044	2.4340	0.514	1.611	1.529	0.792	0.313	-0.125	-0.726	-1.218	-1.288	0.4787	0.0000	1.0	1	-11.515	0.000	3.0932555199	3
	0.000835	10.0128	0.8528293371	0.8487	1.7461	3.7024	2.3823	0.405	1.530	1.435	0.688	0.205	-0.236	-0.844	-1.340	-1.412	0.4787	0.0000	1.1	1	-11.515	0.000	3.0933015347	3
	0.000835	10.0128	0.8529385328	0.8486	1.7888	3.7004	2.3313	0.298	1.453	1.344	0.588	0.100	-0.345	-0.959	-1.460	-1.532	0.4787	0.0000	1.2	1	-11.516	0.000	3.0933430195	3
	0.000835	10.0128	0.8530410528	0.8484	1.8318	3.6983	2.2801	0.190	1.376	1.253	0.487	-0.006	-0.454	-1.074	-1.581	-1.654	0.4787	0.0000	1.3	1	-11.516	0.000	3.0933818817	3
	0.000835	10.0128	0.8531345129	0.8482	1.8738	3.6962	2.2297	0.086	1.303	1.166	0.389	-0.108	-0.561	-1.187	-1.699	-1.773	0.4787	0.0000	1.4	1	-11.517	0.000	3.0934174061	3
	0.000835	10.0128	0.8532213569	0.8480	1.9151	3.6942	2.1801	-0.018	1.231	1.080	0.293	-0.209	-0.665	-1.298	-1.816	-1.891	0.4787	0.0000	1.5	1	-11.517	0.000	3.0934503078	3
	0.000835	10.0128	0.8533032537	0.8477	1.9552	3.6921	2.1316	-0.118	1.162	0.997	0.200	-0.306	-0.767	-1.406	-1.930	-2.005	0.4787	0.0000	1.7	1	-11.518	0.000	3.0934815407	3
	0.000835	10.0128	0.8533899188	0.8474	1.9943	3.6901	2.0842	-0.216	1.095	0.917	0.109	-0.402	-0.866	-1.512	-2.041	-2.117	0.4787	0.0000	1.8	1	-11.518	0.000	3.0935142040	3
	0.000835	10.0128	0.8534644842	0.8471	2.0143	3.6892	2.0606	-0.266	1.060	0.875	0.062	-0.450	-0.916	-1.565	-2.097	-2.173	0.4787	0.0000	1.9	1	-11.519	0.000	3.0935425758	3
	0.000835	10.0128	0.8535371423	0.8468	1.9909	3.6909	2.0903	-0.207	1.093	0.919	0.114	-0.394	-0.857	-1.501	-2.028	-2.103	0.4787	0.0000	1.8	1	-11.518	0.000	3.0935702324	3
	0.000835	10.0128	0.8535467982	0.8467	1.9866	3.6912	2.0959	-0.196	1.099	0.927	0.124	-0.384	-0.846	-1.489	-2.015	-2.090	0.4787	0.0000	1.8	1	-11.518	0.000	3.0935738087	3
	0.000835	10.0128	0.8536089063	0.8465	2.0278	3.6890	2.0458	-0.299	1.031	0.844	0.029	-0.483	-0.950	-1.600	-2.133	-2.208	0.4787	0.0000	1.9	1	-11.518	0.000	3.0935974121	3
	0.000835	10.0128	0.8536704183	0.8461	2.0697	3.6867	1.9945	-0.404	0.964	0.761	-0.066	-0.584	-1.055	-1.713	-2.253	-2.330	0.4787	0.0000	2.1	1	-11.519	0.000	3.0936207771	3
	0.000835	10.0128	0.8537285328	0.8458	2.1117	3.6844	1.9431	-0.509	0.904	0.679	-0.161	-0.685	-1.160	-1.827	-2.375	-2.452	0.4787	0.0000	2.3	1	-11.520	0.000	3.0936427116	3
	0.000835	10.0128	0.8537819386	0.8454	2.1531	3.6821	1.8922	-0.613	0.845	0.599	-0.255	-0.784	-1.265	-1.940	-2.495	-2.573	0.4787	0.0000	2.5	1	-11.522	0.000	3.0936629772	3
	0.000835	10.0128	0.8538307548	0.8450	2.1938	3.6797	1.8417	-0.715	0.789	0.522	-0.346	-0.882	-1.367	-2.051	-2.614	-2.693	0.4787	0.0000	2.8	1	-11.523	0.000	3.0936815739	3
	0.000835	10.0128	0.8538772464	0.8445	2.2356	3.6773	1.7901	-0.819	0.735	0.444	-0.439	-0.981	-1.471	-2.164	-2.735	-2.814	0.4787	0.0000	3.0	1	-11.525	0.000	3.0936992168	3
	0.000835	10.0128	0.8539190888	0.8439	2.2762	3.6748	1.7393	-0.920	0.685	0.370	-0.528	-1.078	-1.573	-2.274	-2.853	-2.933	0.4787	0.0000	3.3	1	-11.527	0.000	3.0937149525	3
	0.000835	10.0128	0.8539595008	0.8434	2.3185	3.6722	1.6865	-1.026	0.632	0.293	-0.622	-1.178	-1.679	-2.390	-2.977	-3.057	0.4787	0.0000	3.6	1	-11.529	0.000	3.0937302113	3
	0.000835	10.0128	0.8540027738	0.8426	2.3677	3.6691	1.6244	-1.149	0.575	0.205	-0.729	-1.294	-1.802	-2.524	-3.120	-3.202	0.4787	0.0000	4.0	1	-11.532	0.000	3.0937466621	3
	0.000835	10.0128	0.8540369868	0.8419	2.4099	3.6664	1.5711	-1.255	0.529	0.132	-0.820	-1.393	-1.907	-2.638	-3.244	-3.326	0.4787	0.0000	4.4	1	-11.535	0.000	3.0937595367	3
	0.000835	10.0128	0.8540740013	0.8409	2.4592	3.6632	1.5083	-1.378	0.480	0.047	-0.925	-1.508	-2.029	-2.773	-3.389	-3.472	0.4787	0.0000	4.9	1	-11.539	0.000	3.0937736034	3
	0.000835	10.0128	0.8541029692	0.8401	2.5011	3.6605	1.4552	-1.483	0.435	-0.025	-1.014	-1.606	-2.133	-2.886	-3.511	-3.595	0.4787	0.0000	5.4	1	-11.544	0.000	3.0937845707	3
	0.000835	10.0128	0.8541349173	0.8389	2.5509	3.6571	1.3912	-1.607	0.391	-0.108	-1.117	-1.720	-2.255	-3.021	-3.657	-3.743	0.4787	0.0000	6.1	1	-11.550	0.000	3.0937967300	3
	0.000835	10.0128	0.8541643620	0.8376	2.6009	3.6537	1.3269	-1.732	0.347	-0.190	-1.220	-1.834	-2.377	-3.157	-3.805	-3.891	0.4787	0.0000	6.8	1	-11.557	0.000	3.0938079357	3
	0.000835	10.0128	0.8541917205	0.8362	2.6514	3.6502	1.2619	-1.858	0.304	-0.272	-1.324	-1.948	-2.501	-3.294	-3.953	-4.041	0.4787	0.0000	7.6	1	-11.565	0.000	3.0938181877	3
	0.000835	10.0128	0.8542156219	0.8346	2.6992	3.6468	1.1994	-1.978	0.272	-0.345	-1.419	-2.055	-2.616	-3.423	-4.095	-4.184	0.4787	0.0000	8.5	1	-11.575	0.000	3.0938272476	3
	0.000835	10.0128	0.8542387486	0.8328	2.7498	3.6432	1.1336	-2.105	0.238	-0.423	-1.520	-2.168	-2.739	-3.560	-4.244	-4.335	0.4787	0.0000	9.5	1	-11.587	0.000	3.0938360691	3
	0.000835	10.0128	0.8542595506	0.8309	2.7992	3.6397	1.0689	-2.228	0.208	-0.498	-1.618	-2.278	-2.858	-3.693	-4.390	-4.483	0.4787	0.0000	10.6	1	-11.602	0.000	3.0938439369	3
	0.000835	10.0128	0.8542786241	0.8287	2.8482	3.6360	1.0040	-2.351	0.186	-0.567	-1.712	-2.385	-2.974	-3.825	-4.535	-4.630	0.4787	0.0000	11.9	1	-11.619	0.000	3.0938510895	3
	0.000835	10.0128	0.8542969227	0.8261	2.8992	3.6322	0.9369	-2.478	0.212	-0.623	-1.807	-2.499	-3.099	-3.964	-4.683	-4.780	0.4787	0.0000	13.4	1	-11.640	0.000	3.0938580036	3
	0.000835	10.0128	0.8543128371	0.8235	2.9470	3.6285	0.8728	-2.597	0.252	-0.669	-1.893	-2.604	-3.216	-4.095	-4.824	-4.922	0.4787	0.0000	15.0	1	-11.664	0.000	3.0938642025	3
	0.000835	10.0128	0.8543279767	0.8204	2.9961	3.6248	0.8070	-2.720	0.297	-0.715	-1.980	-2.711	-3.335	-4.229	-4.968	-5.068	0.4787	0.0000	16.8	1	-11.694	0.000	3.0938699245	3
	0.000835	10.0128	0.8543425798	0.8168	3.0474	3.6209	0.7383	-2.848	0.347	-0.761	-2.071	-2.822	-3.459	-4.369	-5.118	-5.219	0.4787	0.0000	19.0	1	-11.730	0.000	3.0938754082	3
	0.000835	10.0128	0.8543552756	0.8129	3.0954	3.6170	0.6729	-2.968	0.408	-0.797	-2.151	-2.923	-3.573	-4.499	-5.259	-5.362	0.4787	0.0000	21.3	1	-11.378	0.000	3.0938801765	3
	0.000835	10.0128	0.8543679118	0.8083	3.1468	3.6131	0.6033	-3.097	0.471	-0.838	-2.238	-3.031	-3.695	-4.638	-5.409	-5.514	0.4787	0.0000	24.1	1	-10.902	0.000	3.0938849449	3
	0.000835	10.0128	0.8543796539	0.8030	3.1982	3.6091	0.5329	-3.226	0.542	-0.875	-2.323	-3.138	-3.816	-4.777	-5.560	-5.667	0.4787	0.0000	27.3	1	-10.427	0.000	3.0938894749	3
	0.000835	10.0128	0.8543906212	0.7970	3.2494	3.6051	0.4627	-3.353	0.599	-0.913	-2.404	-3.242	-3.934	-4.914	-5.709	-5.819	0.4787	0.0000	31.0	1	-9.964	0.000	3.0938935280	3
	0.000835	10.0128	0.8544011712	0.7898	3.3005	3.6011	0.3915	-3.481	0.641	-0.953	-2.483	-3.345	-4.052	-5.050	-5.857	-5.971	0.4787	0.0000	35.2	1	-9.507	0.000	3.0938975811	3
	0.000835	10.0128	0.8544049859	0.7868	3.3183	3.5997	0.3665	-3.526	0.657	-0.967	-2.511	-3.380	-4.092	-5.097	-5.909	-6.024	0.4787	0.0000	36.8	1	-9.350	0.000	3.0938990116	4
	0.000835	10.0128	0.8544049859	0.7868	1.7530	3.7422	2.5015	0.387	1.106	1.146	0.565	0.163	-0.208	-0.701	-1.100	-1.152	0.4787	0.0000	0.9	1	-11.689	0.000	3.0938990116	4
	0.000835	10.0128	0.8544691801	0.7869	1.7704	3.7409	2.4790	0.344	1.075	1.109	0.524	0.120	-0.254	-0.751	-1.152	-1.205	0.4787	0.0000	0.9	1	-11.688	0.000	3.0939233303	4
	0.000835	10.0128	0.8545317054	0.7869	1.7735	3.7407	2.4752	0.336	1.068	1.103	0.516	0.112	-0.262	-0.759	-1.161	-1.214	0.4787	0.0000	0.9	1	-11.688	0.000	3.0939469337	4
	0.000835	10.0128	0.8545963168	0.7870	1.7752	3.7408	2.4739	0.332	1.064	1.098	0.512	0.108	-0.266	-0.763	-1.164	-1.217	0.4787	0.0000	0.9	1	-11.688	0.000	3.0939712524	4
	0.000835	10.0128	0.8546603918	0.7871	1.7760	3.7411	2.4742	0.330	1.059	1.094	0.509	0.106	-0.268	-0.764	-1.164	-1.217	0.4787	0.0000	0.9	1	-11.687	0.000	3.0939955711	4
	0.000835	10.0128	0.8547249436	0.7871	1.7762	3.7415	2.4760	0.330	1.055	1.091	0.508	0.105	-0.267	-0.762	-1.162	-1.214	0.4787	0.0000	0.9	1	-11.687	0.000	3.0940201283	4
	0.000835	10.0128	0.8547904491	0.7872	1.7758	3.7422	2.4789	0.331	1.052	1.088	0.508	0.106	-0.266	-0.759	-1.157	-1.209	0.4787	0.0000	0.9	1	-11.686	0.000	3.0940446854	4
	0.000835	10.0128	0.8548552394	0.7873	1.7750	3.7429	2.4826	0.332	1.048	1.086	0.508	0.108	-0.262	-0.754	-1.150	-1.202	0.4787	0.0000	0.9	1	-11.686	0.000	3.0940692425	4
	0.000835	10.0128	0.8549214602	0.7874	1.7741	3.7437	2.4867	0.335	1.044	1.084	0.509	0.110	-0.259	-0.748	-1.142	-1.194	0.4787	0.0000	0.9	1	-11.685	0.000	3.0940942764	4
	0.000835	10.0128	0.8549865484	0.7874	1.7732	3.7444	2.4907	0.337	1.041	1.081	0.509	0.112	-0.255	-0.742	-1.135	-1.187	0.4787	0.0000	0.9	1	-11.685	0.000	3.0941188335	4
	0.000835	10.0128	0.8550470471	0.7875	1.7724	3.7451	2.4943	0.339	1.037	1.079	0.510	0.114	-0.252	-0.737	-1.129	-1.180	0.4787	0.0000	0.9	1	-11.685	0.000	3.0941417217	4
	0.000835	10.0128	0.8551147580	0.7876	1.7716	3.7459	2.4981	0.341	1.034	1.077	0.510	0.116	-0.249	-0.732	-1.122	-1.173	0.4787	0.0000	0.9	1	-11.684	0.000	3.0941674709	4
	0.000835	10.0128	0.8551820517	0.7876	1.7709	3.7466	2.5016	0.343	1.030	1.075	0.511	0.117	-0.246	-0.727	-1.115	-1.166	0.4787	0.0000	0.9	1	-11.684	0.000	3.0941927433	4
	0.000835	10.0128	0.8552473187	0.7877	1.7704	3.7472	2.5047	0.344	1.027	1.073	0.511	0.119	-0.244	-0.723	-1.110	-1.160	0.4787	0.0000	0.9	1	-11.683	0.000	3.0942175388	4
	0.000835	10.0128	0.8553129435	0.7878	1.7701	3.7477	2.5071	0.345	1.024	1.070	0.511	0.119	-0.242	-0.720	-1.106	-1.156	0.4787	0.0000	0.9	1	-11.683	0.000	3.0942423344	4
	0.000835	10.0128	0.8553202748	0.7878	1.7700	3.7477	2.5073	0.345	1.024	1.070	0.510	0.119	-0.242	-0.720	-1.105	-1.155	0.4787	0.0000	0.9	1	-11.683	0.000	3.0942449570	4
	0.000835	10.0128	0.8553791046	0.7879	1.7700	3.7481	2.5088	0.345	1.021	1.068	0.510	0.119	-0.242	-0.719	-1.103	-1.153	0.4787	0.0000	0.9	1	-11.682	0.000	3.0942671299	4
	0.000835	10.0128	0.8554432392	0.7879	1.7702	3.7484	2.5100	0.345	1.018	1.066	0.509	0.119	-0.242	-0.718	-1.101	-1.151	0.4787	0.0000	0.9	1	-11.682	0.000	3.0942914486	4
	0.000835	10.0128	0.8555058241	0.7880	1.7706	3.7486	2.5105	0.344	1.016	1.064	0.507	0.118	-0.242	-0.718	-1.101	-1.150	0.4787	0.0000	0.9	1	-11.682	0.000	3.0943150520	4
	0.000835	10.0128	0.8555654287	0.7881	1.7713	3.7487	2.5100	0.342	1.014	1.062	0.505	0.116	-0.244	-0.719	-1.102	-1.152	0.4787	0.0000	0.9	1	-11.681	0.000	3.0943374634	4
	0.000835	10.0128	0.8556270599	0.7881	1.7723	3.7486	2.5089	0.339	1.012	1.059	0.503	0.114	-0.246	-0.722	-1.105	-1.154	0.4787	0.0000	0.9	1	-11.681	0.000	3.0943608284	4
	0.000835	10.0128	0.8556926250	0.7882	1.7739	3.7484	2.5065	0.335	1.009	1.056	0.499	0.110	-0.251	-0.727	-1.110	-1.160	0.4787	0.0000	0.9	1	-11.681	0.000	3.0943856239	4
	0.000835	10.0128	0.8557540774	0.7883	1.7756	3.7481	2.5034	0.331	1.008	1.054	0.496	0.106	-0.255	-0.733	-1.117	-1.167	0.4787	0.0000	0.9	1	-11.680	0.000	3.0944087505	4
	0.000835	10.0128	0.8557826877	0.7883	1.7765	3.7479	2.5018	0.329	1.007	1.053	0.494	0.103	-0.258	-0.736	-1.120	-1.170	0.4787	0.0000	0.9	1	-11.680	0.000	3.0944194794	4
	0.000835	10.0128	0.8558276296	0.7884	1.7783	3.7475	2.4985	0.324	1.005	1.051	0.490	0.099	-0.263	-0.742	-1.127	-1.177	0.4787	0.0000	0.9	1	-11.680	0.000	3.0944364071	4
	0.000835	10.0128	0.8559008837	0.7884	1.7814	3.7469	2.4928	0.317	1.003	1.047	0.484	0.091	-0.272	-0.752	-1.139	-1.190	0.4787	0.0000	0.9	1	-11.679	0.000	3.0944640636	4
	0.000835	10.0128	0.8559752703	0.7885	1.7854	3.7460	2.4855	0.307	1.000	1.042	0.475	0.081	-0.283	-0.766	-1.155	-1.206	0.4787	0.0000	0.9	1	-11.679	0.000	3.0944921970	4
	0.000835	10.0128	0.8560516834	0.7886	1.7899	3.7450	2.4771	0.295	0.996	1.036	0.466	0.070	-0.297	-0.782	-1.173	-1.224	0.4787	0.0000	0.9	1	-11.679	0.000	3.0945210457	4
	0.000835	10.0128	0.8561226130	0.7887	1.7949	3.7441	2.4683	0.283	0.991	1.029	0.455	0.057	-0.311	-0.798	-1.192	-1.243	0.4787	0.0000	0.9	1	-11.678	0.000	3.0945477486	4
	0.000835	10.0128	0.8561933637	0.7888	1.8004	3.7429	2.4581	0.269	0.987	1.021	0.444	0.044	-0.326	-0.817	-1.213	-1.265	0.4787	0.0000	0.9	1	-11.678	0.000	3.0945744514	4
	0.000835	10.0128	0.8562643528	0.7888	1.8076	3.7415	2.4453	0.251	0.980	1.012	0.429	0.026	-0.347	-0.842	-1.241	-1.293	0.4787	0.0000	1.0	1	-11.678	0.000	3.0946011543	4
	0.000835	10.0128	0.8563358784	0.7889	1.8164	3.7399	2.4301	0.229	0.971	0.999	0.410	0.004	-0.372	-0.871	-1.273	-1.327	0.4787	0.0000	1.0	1	-11.677	0.000	3.0946280956	4
	0.000835	10.0128	0.8564071059	0.7890	1.8197	3.7393	2.4244	0.221	0.969	0.994	0.403	-0.004	-0.381	-0.881	-1.286	-1.339	0.4787	0.0000	1.0	1	-11.677	0.000	3.0946550369	4
	0.000835	10.0128	0.8564801216	0.7891	1.8305	3.7374	2.4061	0.194	0.960	0.979	0.380	-0.031	-0.410	-0.916	-1.325	-1.380	0.4787	0.0000	1.0	1	-11.677	0.000	3.0946824551	4
	0.000835	10.0128	0.8565533757	0.7892	1.8558	3.7334	2.3649	0.131	0.934	0.940	0.325	-0.094	-0.480	-0.997	-1.414	-1.471	0.4787	0.0000	1.1	1	-11.677	0.000	3.0947101116	4
	0.000835	10.0128	0.8566043973	0.7892	1.8937	3.7280	2.3056	0.036	0.893	0.880	0.242	-0.188	-0.582	-1.114	-1.544	-1.603	0.4787	0.0000	1.2	1	-11.677	0.000	3.0947291851	4
	0.000835	10.0128	0.8566279411	0.7892	1.9346	3.7228	2.2437	-0.066	0.847	0.813	0.153	-0.288	-0.692	-1.238	-1.681	-1.742	0.4787	0.0000	1.4	1	-11.678	0.000	3.0947380066	4
	0.000835	10.0128	0.8566374183	0.7892	1.9745	3.7180	2.1846	-0.166	0.801	0.747	0.065	-0.385	-0.798	-1.357	-1.812	-1.875	0.4787	0.0000	1.5	1	-11.678	0.000	3.0947415829	4
	0.000835	10.0128	0.8566417098	0.7893	2.0161	3.7133	2.1243	-0.270	0.753	0.678	-0.026	-0.486	-0.907	-1.480	-1.947	-2.012	0.4787	0.0000	1.7	1	-11.679	0.000	3.0947432518	4
	0.000835	10.0128	0.8566439152	0.7893	2.0593	3.7089	2.0634	-0.378	0.700	0.604	-0.121	-0.591	-1.020	-1.606	-2.084	-2.151	0.4787	0.0000	1.9	1	-11.681	0.000	3.0947442055	5
	0.000835	10.0128	0.8566441536	0.7893	2.0666	3.7082	2.0533	-0.396	0.691	0.591	-0.137	-0.608	-1.039	-1.627	-2.107	-2.174	0.4787	0.0000	1.9	1	-11.681	0.000	3.0947442055	7
	0.000835	10.0128	0.8566453457	0.7893	2.1049	3.7047	2.0010	-0.492	0.641	0.523	-0.222	-0.701	-1.137	-1.737	-2.225	-2.294	0.4787	0.0000	2.1	1	-11.682	0.000	3.0947446823	7
	0.000835	10.0128	0.8566464782	0.7893	2.1371	3.7020	1.9580	-0.573	0.602	0.466	-0.293	-0.778	-1.220	-1.828	-2.324	-2.394	0.4787	0.0000	2.2	1	-11.683	0.000	3.0947451591	7
	0.000835	10.0128	0.8566475511	0.7893	2.1652	3.6997	1.9207	-0.643	0.566	0.415	-0.356	-0.847	-1.293	-1.908	-2.410	-2.481	0.4787	0.0000	2.4	1	-11.684	0.000	3.0947453976	7
	0.000835	10.0128	0.8566486239	0.7893	2.1744	3.6990	1.9090	-0.666	0.553	0.398	-0.377	-0.869	-1.316	-1.933	-2.437	-2.508	0.4787	0.0000	2.4	1	-11.684	0.000	3.0947458744	7
	0.000835	10.0128	0.8566511273	0.7893	2.1664	3.7000	1.9207	-0.646	0.559	0.410	-0.360	-0.850	-1.296	-1.910	-2.411	-2.481	0.4787	0.0000	2.4	1	-11.684	0.000	3.0947468281	7
	0.000835	10.0128	0.8566533327	0.7893	2.1534	3.7010	1.9377	-0.614	0.576	0.433	-0.331	-0.819	-1.262	-1.873	-2.372	-2.442	0.4787	0.0000	2.3	1	-11.684	0.000	3.0947475433	7
	0.000835	10.0128	0.8566590548	0.7893	2.1416	3.7018	1.9529	-0.584	0.592	0.455	-0.304	-0.790	-1.232	-1.840	-2.336	-2.406	0.4787	0.0000	2.2	1	-11.683	0.000	3.0947499275	7
	0.000835	10.0128	0.8566942811	0.7893	2.1710	3.6990	1.9123	-0.658	0.562	0.407	-0.368	-0.860	-1.308	-1.925	-2.429	-2.500	0.4787	0.0000	2.4	1	-11.684	0.000	3.0947630405	7
	0.000835	10.0128	0.8567133546	0.7893	2.2062	3.6960	1.8649	-0.746	0.523	0.346	-0.445	-0.944	-1.398	-2.025	-2.538	-2.610	0.4787	0.0000	2.6	1	-11.685	0.000	3.0947701931	7
	0.000835	10.0128	0.8567331433	0.7894	2.2452	3.6926	1.8127	-0.843	0.480	0.280	-0.530	-1.037	-1.497	-2.136	-2.658	-2.731	0.4787	0.0000	2.9	1	-11.687	0.000	3.0947775841	7
	0.000835	10.0128	0.8567539454	0.7894	2.2998	3.6880	1.7395	-0.979	0.424	0.188	-0.648	-1.166	-1.636	-2.290	-2.827	-2.901	0.4787	0.0000	3.3	1	-11.690	0.000	3.0947854519	7
	0.000835	10.0128	0.8567723632	0.7894	2.3507	3.6838	1.6718	-1.107	0.373	0.104	-0.757	-1.286	-1.763	-2.433	-2.983	-3.059	0.4787	0.0000	3.7	1	-11.693	0.000	3.0947923660	7
	0.000835	10.0128	0.8567887545	0.7894	2.3949	3.6802	1.6132	-1.217	0.328	0.030	-0.852	-1.390	-1.874	-2.557	-3.119	-3.196	0.4787	0.0000	4.1	1	-11.696	0.000	3.0947985649	7
	0.000835	10.0128	0.8568032384	0.7894	2.4381	3.6767	1.5560	-1.325	0.289	-0.040	-0.943	-1.490	-1.982	-2.678	-3.251	-3.328	0.4787	0.0000	4.5	1	-11.699	0.000	3.0948040485	7
	0.000835	10.0128	0.8568161130	0.7894	2.4802	3.6733	1.5004	-1.430	0.253	-0.107	-1.032	-1.588	-2.087	-2.795	-3.378	-3.457	0.4787	0.0000	4.9	1	-11.703	0.000	3.0948088169	7
	0.000835	10.0128	0.8568277955	0.7895	2.5219	3.6699	1.4451	-1.535	0.216	-0.174	-1.119	-1.684	-2.191	-2.911	-3.505	-3.584	0.4787	0.0000	5.4	1	-11.707	0.000	3.0948133469	7
	0.000835	10.0128	0.8568382859	0.7895	2.5632	3.6665	1.3903	-1.638	0.185	-0.239	-1.203	-1.779	-2.294	-3.025	-3.630	-3.711	0.4787	0.0000	6.0	1	-11.712	0.000	3.0948171616	7
	0.000835	10.0128	0.8568478823	0.7895	2.6047	3.6631	1.3352	-1.742	0.155	-0.303	-1.287	-1.873	-2.396	-3.140	-3.755	-3.838	0.4787	0.0000	6.6	1	-11.718	0.000	3.0948209763	7
	0.000835	10.0128	0.8568566442	0.7895	2.6461	3.6597	1.2801	-1.845	0.127	-0.366	-1.371	-1.968	-2.498	-3.255	-3.881	-3.964	0.4787	0.0000	7.2	1	-11.724	0.000	3.0948240757	7
	0.000835	10.0128	0.8568648696	0.7895	2.6870	3.6563	1.2256	-1.948	0.104	-0.426	-1.451	-2.059	-2.597	-3.367	-4.005	-4.090	0.4787	0.0000	8.0	1	-11.731	0.000	3.0948271751	7
	0.000835	10.0128	0.8568727374	0.7895	2.7274	3.6529	1.1716	-2.049	0.083	-0.484	-1.530	-2.148	-2.695	-3.478	-4.128	-4.214	0.4787	0.0000	8.8	1	-11.739	0.000	3.0948302746	7
	0.000835	10.0128	0.8568803072	0.7895	2.7675	3.6495	1.1181	-2.149	0.063	-0.542	-1.609	-2.237	-2.792	-3.589	-4.249	-4.337	0.4787	0.0000	9.6	1	-11.747	0.000	3.0948331356	7
	0.000835	10.0128	0.8568876982	0.7895	2.8086	3.6460	1.0628	-2.252	0.049	-0.597	-1.686	-2.327	-2.891	-3.701	-4.375	-4.464	0.4787	0.0000	10.6	1	-11.758	0.000	3.0948357582	7
	0.000835	10.0128	0.8568943143	0.7895	2.8486	3.6426	1.0093	-2.352	0.036	-0.652	-1.762	-2.414	-2.987	-3.810	-4.496	-4.587	0.4787	0.0000	11.6	1	-11.769	0.000	3.0948383808	7
	0.000835	10.0128	0.8569005728	0.7895	2.8902	3.6390	0.9533	-2.455	0.061	-0.694	-1.838	-2.505	-3.088	-3.926	-4.622	-4.714	0.4787	0.0000	12.9	1	-11.782	0.000	3.0948407650	7
	0.000835	10.0128	0.8569060564	0.7895	2.9355	3.6351	0.8921	-2.569	0.104	-0.734	-1.918	-2.604	-3.199	-4.051	-4.758	-4.851	0.4787	0.0000	14.3	1	-11.798	0.000	3.0948426723	7
	0.000835	10.0128	0.8569102883	0.7895	2.9814	3.6310	0.8299	-2.684	0.154	-0.772	-1.998	-2.703	-3.310	-4.179	-4.896	-4.991	0.4787	0.0000	16.0	1	-11.817	0.000	3.0948443413	7
	0.000835	10.0128	0.8569138050	0.7896	3.0230	3.6273	0.7737	-2.787	0.204	-0.804	-2.068	-2.792	-3.410	-4.294	-5.020	-5.118	0.4787	0.0000	17.7	1	-11.837	0.000	3.0948457718	7
	0.000835	10.0128	0.8569173813	0.7896	3.0684	3.6233	0.7122	-2.901	0.264	-0.837	-2.143	-2.887	-3.519	-4.419	-5.157	-5.256	0.4787	0.0000	19.7	1	-11.664	0.000	3.0948469639	7
	0.000835	10.0128	0.8569204807	0.7896	3.1211	3.6185	0.6405	-3.033	0.343	-0.870	-2.228	-2.996	-3.644	-4.563	-5.315	-5.417	0.4787	0.0000	22.4	1	-11.170	0.000	3.0948481560	7
	0.000835	10.0128	0.8569235206	0.7896	3.2053	3.6109	0.5255	-3.243	0.485	-0.917	-2.358	-3.167	-3.840	-4.793	-5.568	-5.673	0.4787	0.0000	27.6	1	-10.391	0.000	3.0948493481	7
	0.000835	10.0128	0.8569236994	0.7896	3.2330	3.6083	0.4875	-3.313	0.530	-0.931	-2.398	-3.221	-3.903	-4.868	-5.651	-5.758	0.4787	0.0000	29.5	1	-10.137	0.000	3.0948493481	7
	0.000835	10.0128	0.8569239974	0.7896	3.2735	3.6045	0.4321	-3.414	0.580	-0.953	-2.455	-3.298	-3.994	-4.976	-5.772	-5.882	0.4787	0.0000	32.7	1	-9.771	0.000	3.0948495865	7
	0.000835	10.0128	0.8569245934	0.7896	3.3116	3.6010	0.3797	-3.509	0.627	-0.975	-2.508	-3.371	-4.079	-5.079	-5.886	-5.999	0.4787	0.0000	35.9	1	-9.431	0.000	3.0948498249	7
	0.000835	10.0128	0.8569247723	0.7896	3.3191	3.6003	0.3693	-3.528	0.636	-0.979	-2.519	-3.386	-4.096	-5.099	-5.908	-6.022	0.4787	0.0000	36.6	1	-9.364	0.000	3.0948498249	7
	0.000835	10.0128	0.8569248915	0.7896	3.3169	3.6005	0.3725	-3.522	0.633	-0.978	-2.516	-3.382	-4.091	-5.093	-5.901	-6.015	0.4787	0.5319	36.4	1	-9.384	0.000	3.0948498249	8
	0.000835	10.0128	0.8569248915	0.8708	3.2960	3.6037	0.4489	-3.470	0.533	-1.003	-2.505	-3.350	-4.047	-5.033	-5.833	-5.944	0.4517	0.5335	30.9	1	-10.063	-0.088	3.0948498249	8
	0.000835	10.0128	0.8569250703	0.8681	3.3002	3.6033	0.4415	-3.480	0.541	-1.003	-2.509	-3.357	-4.056	-5.044	-5.846	-5.957	0.4517	0.5336	31.3	1	-9.996	-0.088	3.0948498249	8
	0.000835	10.0128	0.8569252491	0.8653	3.3043	3.6028	0.4341	-3.491	0.550	-1.004	-2.514	-3.365	-4.065	-5.056	-5.859	-5.970	0.4517	0.5337	31.7	1	-9.930	-0.088	3.0948500633	8
	0.000835	10.0128	0.8569254875	0.8626	3.3085	3.6023	0.4267	-3.501	0.559	-1.004	-2.519	-3.372	-4.074	-5.067	-5.871	-5.984	0.4517	0.5338	32.1	1	-9.865	-0.088	3.0948500633	8
	0.000835	10.0128	0.8569256663	0.8599	3.3126	3.6019	0.4193	-3.512	0.568	-1.005	-2.524	-3.380	-4.083	-5.078	-5.884	-5.997	0.4517	0.5340	32.5	1	-9.801	-0.088	3.0948500633	8
	0.000835	10.0128	0.8569258451	0.8572	3.3168	3.6014	0.4119	-3.522	0.576	-1.005	-2.529	-3.387	-4.093	-5.090	-5.897	-6.010	0.4517	0.5341	32.9	1	-9.738	-0.089	3.0948503017	8
	0.000835	10.0128	0.8569260240	0.8544	3.3209	3.6009	0.4045	-3.532	0.585	-1.006	-2.534	-3.395	-4.102	-5.101	-5.910	-6.023	0.4517	0.5342	33.4	1	-9.676	-0.089	3.0948503017	8
	0.000835	10.0128	0.8569262624	0.8517	3.3251	3.6005	0.3971	-3.543	0.594	-1.006	-2.539	-3.402	-4.111	-5.112	-5.922	-6.036	0.4517	0.5343	33.8	1	-9.615	-0.089	3.0948503017	8
	0.000835	10.0128	0.8569264412	0.8490	3.3292	3.6000	0.3897	-3.553	0.602	-1.007	-2.543	-3.410	-4.120	-5.124	-5.935	-6.050	0.4517	0.5344	36.0	1	-9.555	-0.089	3.0948505402	8
	0.000835	10.0128	0.8569266200	0.8463	3.3334	3.5995	0.3823	-3.563	0.611	-1.007	-2.548	-3.417	-4.129	-5.135	-5.948	-6.063	0.4517	0.5346	36.4	1	-9.496	-0.089	3.0948505402	8
	0.000835	10.0128	0.8569267988	0.8436	3.3375	3.5991	0.3749	-3.574	0.620	-1.007	-2.552	-3.424	-4.138	-5.146	-5.960	-6.076	0.4517	0.5347	36.9	1	-9.439	-0.089	3.0948505402	8
	0.000835	10.0128	0.8569270372	0.8408	3.3417	3.5986	0.3674	-3.584	0.629	-1.007	-2.557	-3.431	-4.147	-5.157	-5.973	-6.089	0.4517	0.5348	37.4	1	-9.382	-0.089	3.0948507786	8
	0.000835	10.0128	0.8569272161	0.8381	3.3458	3.5981	0.3600	-3.595	0.639	-1.007	-2.561	-3.438	-4.156	-5.168	-5.986	-6.102	0.4517	0.5349	37.9	1	-9.326	-0.089	3.0948507786	8
	0.000835	10.0128	0.8569273949	0.8354	3.3500	3.5977	0.3526	-3.605	0.648	-1.007	-2.566	-3.446	-4.165	-5.180	-5.998	-6.115	0.4517	0.5351	38.3	1	-9.272	-0.089	3.0948507786	8
	0.000835	10.0128	0.8569275737	0.8327	3.3542	3.5972	0.3451	-3.615	0.657	-1.007	-2.570	-3.453	-4.174	-5.191	-6.011	-6.128	0.4517	0.5352	38.8	1	-9.218	-0.089	3.0948507786	8
	0.000835	10.0128	0.8569277525	0.8300	3.3583	3.5967	0.3377	-3.626	0.666	-1.007	-2.574	-3.460	-4.183	-5.202	-6.023	-6.141	0.4517	0.5353	39.3	1	-9.165	-0.089	3.0948510170	8
	0.000835	10.0128	0.8569279909	0.8272	3.3625	3.5963	0.3302	-3.636	0.675	-1.007	-2.579	-3.467	-4.192	-5.213	-6.036	-6.155	0.4517	0.5354	39.9	1	-9.113	-0.089	3.0948510170	8
	0.000835	10.0128	0.8569281697	0.8245	3.3666	3.5958	0.3228	-3.647	0.685	-1.007	-2.583	-3.474	-4.201	-5.224	-6.049	-6.168	0.4517	0.5355	40.4	1	-9.062	-0.089	3.0948510170	8
	0.000835	10.0128	0.8569283485	0.8218	3.3708	3.5953	0.3153	-3.657	0.694	-1.007	-2.588	-3.482	-4.210	-5.235	-6.061	-6.181	0.4517	0.5357	40.9	1	-9.012	-0.090	3.0948512554	8
	0.000835	10.0128	0.8569285274	0.8191	3.3749	3.5949	0.3079	-3.667	0.703	-1.007	-2.592	-3.489	-4.219	-5.247	-6.074	-6.194	0.4517	0.5358	41.4	1	-8.962	-0.090	3.0948512554	8
	0.000835	10.0128	0.8569287658	0.8164	3.3791	3.5944	0.3004	-3.678	0.712	-1.007	-2.596	-3.496	-4.228	-5.258	-6.087	-6.207	0.4517	0.5359	42.0	1	-8.913	-0.090	3.0948512554	8
	0.000835	10.0128	0.8569289446	0.8136	3.3832	3.5939	0.2929	-3.688	0.722	-1.007	-2.601	-3.503	-4.236	-5.269	-6.099	-6.220	0.4517	0.5360	42.5	1	-8.866	-0.090	3.0948514938	8
	0.000835	10.0128	0.8569291234	0.8109	3.3874	3.5935	0.2854	-3.698	0.731	-1.007	-2.605	-3.510	-4.245	-5.280	-6.112	-6.233	0.4517	0.5362	43.1	1	-8.818	-0.090	3.0948514938	8
	0.000835	10.0128	0.8569293022	0.8082	3.3915	3.5930	0.2780	-3.709	0.741	-1.007	-2.610	-3.518	-4.254	-5.291	-6.125	-6.246	0.4517	0.5363	43.6	1	-8.772	-0.090	3.0948514938	8
	0.000835	10.0128	0.8569295406	0.8055	3.3957	3.5925	0.2705	-3.719	0.750	-1.007	-2.614	-3.525	-4.263	-5.303	-6.137	-6.260	0.4517	0.5364	44.2	1	-8.726	-0.090	3.0948514938	8
	0.000835	10.0128	0.8569297194	0.8027	3.3999	3.5921	0.2630	-3.730	0.759	-1.006	-2.618	-3.532	-4.272	-5.314	-6.150	-6.273	0.4517	0.5365	44.8	1	-8.681	-0.090	3.0948517323	8
	0.000835	10.0128	0.8569298983	0.8000	3.4040	3.5916	0.2555	-3.740	0.769	-1.006	-2.623	-3.539	-4.281	-5.325	-6.162	-6.286	0.4517	0.5366	45.4	1	-8.636	-0.090	3.0948517323	8
	0.000835	10.0128	0.8569301367	0.7938	3.4067	3.5917	0.2497	-3.747	0.764	-1.013	-2.630	-3.546	-4.288	-5.332	-6.169	-6.292	0.4517	0.5369	45.7	1	-8.606	-0.090	3.0948517323	8
	0.000835	10.0128	0.8569304347	0.7875	3.4094	3.5918	0.2440	-3.753	0.759	-1.019	-2.637	-3.554	-4.296	-5.339	-6.175	-6.298	0.4517	0.5371	46.1	1	-8.579	-0.090	3.0948519707	8
	0.000835	10.0128	0.8569306731	0.7812	3.4121	3.5919	0.2382	-3.760	0.755	-1.025	-2.644	-3.561	-4.303	-5.346	-6.181	-6.304	0.4516	0.5374	46.5	1	-8.553	-0.090	3.0948519707	8
	0.000835	10.0128	0.8569309711	0.7750	3.4148	3.5920	0.2324	-3.767	0.750	-1.032	-2.651	-3.568	-4.310	-5.353	-6.187	-6.310	0.4516	0.5376	46.9	1	-8.528	-0.091	3.0948522091	8
	0.000835	10.0128	0.8569312096	0.7687	3.4175	3.5921	0.2265	-3.774	0.745	-1.038	-2.659	-3.575	-4.317	-5.360	-6.193	-6.316	0.4516	0.5378	47.4	1	-8.505	-0.091	3.0948522091	8
	0.000835	10.0128	0.8569315076	0.7624	3.4202	3.5921	0.2206	-3.780	0.741	-1.044	-2.666	-3.583	-4.325	-5.366	-6.200	-6.322	0.4516	0.5381	47.8	1	-8.482	-0.091	3.0948524475	8
	0.000835	10.0128	0.8569317460	0.7562	3.4229	3.5922	0.2147	-3.787	0.736	-1.050	-2.673	-3.590	-4.332	-5.373	-6.206	-6.328	0.4516	0.5383	48.2	1	-8.460	-0.091	3.0948524475	8
	0.000835	10.0128	0.8569320440	0.7499	3.4256	3.5923	0.2088	-3.794	0.732	-1.057	-2.680	-3.597	-4.339	-5.380	-6.212	-6.335	0.4516	0.5385	48.6	1	-8.439	-0.091	3.0948524475	8
	0.000835	10.0128	0.8569322824	0.7437	3.4283	3.5924	0.2028	-3.801	0.727	-1.063	-2.687	-3.604	-4.346	-5.387	-6.218	-6.341	0.4516	0.5388	49.1	1	-8.418	-0.091	3.0948526859	8
	0.000835	10.0128	0.8569325805	0.7374	3.4309	3.5925	0.1968	-3.807	0.723	-1.069	-2.694	-3.612	-4.354	-5.394	-6.224	-6.347	0.4516	0.5390	108.3	0	-9.920	-0.091	3.0948526859	8
	0.000835	10.0128	0.8569328189	0.7311	3.4336	3.5926	0.1908	-3.814	0.718	-1.075	-2.702	-3.619	-4.361	-5.401	-6.230	-6.353	0.4516	0.5392	109.7	0	-9.852	-0.091	3.0948529243	8
	0.000835	10.0128	0.8569331169	0.7249	3.4363	3.5927	0.1847	-3.821	0.713	-1.082	-2.709	-3.626	-4.368	-5.408	-6.237	-6.359	0.4516	0.5395	111.1	0	-9.784	-0.091	3.0948529243	8
	0.000835	10.0128	0.8569333553	0.7186	3.4390	3.5928	0.1786	-3.828	0.709	-1.088	-2.716	-3.633	-4.375	-5.415	-6.243	-6.365	0.4516	0.5397	112.6	0	-9.715	-0.091	3.0948529243	8
	0.000835	10.0128	0.8569335938	0.7123	3.4417	3.5929	0.1725	-3.834	0.705	-1.094	-2.723	-3.641	-4.383	-5.422	-6.249	-6.371	0.4516	0.5399	114.1	0	-9.646	-0.091	3.0948531628	8
	0.000835	10.0128	0.8569338918	0.7061	3.4444	3.5930	0.1663	-3.841	0.700	-1.100	-2.730	-3.648	-4.390	-5.429	-6.255	-6.377	0.4516	0.5402	115.6	0	-9.576	-0.091	3.0948531628	8
	0.000835	10.0128	0.8569341302	0.6998	3.4471	3.5931	0.1601	-3.848	0.696	-1.107	-2.737	-3.655	-4.397	-5.436	-6.261	-6.383	0.4516	0.5404	117.1	0	-9.506	-0.091	3.0948534012	8
	0.000835	10.0128	0.8569344282	0.6935	3.4498	3.5932	0.1539	-3.855	0.691	-1.113	-2.745	-3.662	-4.404	-5.443	-6.267	-6.389	0.4516	0.5406	118.7	0	-9.435	-0.091	3.0948534012	8
	0.000835	10.0128	0.8569346666	0.6873	3.4525	3.5933	0.1476	-3.861	0.687	-1.119	-2.752	-3.669	-4.412	-5.450	-6.274	-6.396	0.4516	0.5409	120.3	0	-9.364	-0.091	3.0948536396	8
	0.000835	10.0128	0.8569349647	0.6810	3.4552	3.5933	0.1413	-3.868	0.683	-1.125	-2.759	-3.677	-4.419	-5.456	-6.280	-6.402	0.4516	0.5411	121.9	0	-9.293	-0.091	3.0948536396	8
	0.000835	10.0128	0.8569352031	0.6748	3.4579	3.5934	0.1350	-3.875	0.678	-1.131	-2.766	-3.684	-4.426	-5.463	-6.286	-6.408	0.4516	0.5414	123.6	0	-9.221	-0.092	3.0948536396	8
	0.000835	10.0128	0.8569355011	0.6685	3.4606	3.5935	0.1286	-3.881	0.674	-1.137	-2.773	-3.691	-4.433	-5.470	-6.292	-6.414	0.4516	0.5416	125.3	0	-9.148	-0.092	3.0948538780	8
	0.000835	10.0128	0.8569357395	0.6622	3.4633	3.5936	0.1222	-3.888	0.670	-1.143	-2.780	-3.698	-4.441	-5.477	-6.298	-6.420	0.4516	0.5418	127.0	0	-9.075	-0.092	3.0948538780	8
	0.000835	10.0128	0.8569360375	0.6560	3.4660	3.5937	0.1158	-3.895	0.666	-1.150	-2.788	-3.706	-4.448	-5.484	-6.304	-6.426	0.4516	0.5421	128.8	0	-9.001	-0.092	3.0948541164	8
	0.000835	10.0128	0.8569362760	0.6497	3.4687	3.5938	0.1093	-3.902	0.661	-1.156	-2.795	-3.713	-4.455	-5.491	-6.310	-6.432	0.4516	0.5423	130.5	0	-8.927	-0.092	3.0948541164	8
	0.000835	10.0128	0.8569365740	0.6434	3.4714	3.5939	0.1027	-3.908	0.657	-1.162	-2.802	-3.720	-4.463	-5.498	-6.317	-6.438	0.4516	0.5425	132.4	0	-8.852	-0.092	3.0948543549	8
	0.000835	10.0128	0.8569368124	0.6372	3.4741	3.5940	0.0961	-3.915	0.653	-1.168	-2.809	-3.727	-4.470	-5.505	-6.323	-6.444	0.4516	0.5428	134.2	0	-8.777	-0.092	3.0948543549	8
	0.000835	10.0128	0.8569369316	0.6338	3.4751	3.5956	0.0992	-3.918	0.600	-1.199	-2.830	-3.741	-4.478	-5.506	-6.317	-6.437	0.4516	0.5429	133.3	0	-8.785	-0.092	3.0948543549	8
	0.000835	10.0128	0.8569370508	0.6305	3.4762	3.5972	0.1022	-3.920	0.548	-1.230	-2.851	-3.754	-4.487	-5.507	-6.312	-6.430	0.4516	0.5429	132.4	0	-8.792	-0.092	3.0948543549	8
	0.000835	10.0128	0.8569371700	0.6271	3.4773	3.5988	0.1051	-3.923	0.495	-1.261	-2.872	-3.768	-4.495	-5.508	-6.306	-6.423	0.4516	0.5430	131.4	0	-8.799	-0.092	3.0948545933	8
	0.000835	10.0128	0.8569372892	0.6238	3.4783	3.6004	0.1081	-3.926	0.443	-1.291	-2.893	-3.781	-4.504	-5.509	-6.301	-6.416	0.4516	0.5431	130.5	0	-8.807	-0.092	3.0948545933	8
	0.000835	10.0128	0.8569374084	0.6205	3.4794	3.6019	0.1111	-3.929	0.394	-1.320	-2.912	-3.793	-4.511	-5.510	-6.296	-6.410	0.4516	0.5432	129.6	0	-8.814	-0.092	3.0948545933	8
	0.000835	10.0128	0.8569375277	0.6171	3.4805	3.6035	0.1140	-3.931	0.345	-1.348	-2.931	-3.805	-4.519	-5.510	-6.291	-6.403	0.4516	0.5433	128.7	0	-8.820	-0.092	3.0948545933	8
	0.000835	10.0128	0.8569377065	0.6138	3.4816	3.6051	0.1170	-3.934	0.295	-1.377	-2.949	-3.817	-4.526	-5.511	-6.285	-6.396	0.4516	0.5434	127.8	0	-8.827	-0.092	3.0948545933	8
	0.000835	10.0128	0.8569378257	0.6104	3.4826	3.6067	0.1199	-3.937	0.246	-1.405	-2.968	-3.829	-4.534	-5.512	-6.280	-6.389	0.4516	0.5435	126.9	0	-8.834	-0.092	3.0948548317	8
	0.000835	10.0128	0.8569379449	0.6071	3.4837	3.6083	0.1228	-3.939	0.197	-1.434	-2.987	-3.841	-4.541	-5.512	-6.275	-6.382	0.4516	0.5435	126.1	0	-8.840	-0.092	3.0948548317	8
	0.000835	10.0128	0.8569380641	0.6038	3.4848	3.6099	0.1257	-3.942	0.147	-1.462	-3.006	-3.854	-4.549	-5.513	-6.270	-6.376	0.4516	0.5436	125.2	0	-8.846	-0.092	3.0948548317	8
	0.000835	10.0128	0.8569381833	0.6004	3.4858	3.6115	0.1286	-3.945	0.094	-1.492	-3.025	-3.866	-4.556	-5.513	-6.264	-6.368	0.4516	0.5437	124.3	0	-8.852	-0.092	3.0948548317	8
	0.000835	10.0128	0.8569383025	0.5971	3.4869	3.6131	0.1314	-3.947	0.041	-1.522	-3.044	-3.878	-4.564	-5.513	-6.257	-6.360	0.4516	0.5438	123.5	0	-8.858	-0.092	3.0948548317	8
	0.000835	10.0128	0.8569384217	0.5937	3.4880	3.6147	0.1343	-3.950	-0.012	-1.551	-3.063	-3.890	-4.571	-5.513	-6.251	-6.353	0.4516	0.5439	122.7	0	-8.863	-0.092	3.0948548317	8
	0.000835	10.0128	0.8569385409	0.5904	3.4891	3.6163	0.1371	-3.953	-0.065	-1.581	-3.082	-3.903	-4.579	-5.513	-6.244	-6.345	0.4516	0.5440	121.8	0	-8.868	-0.092	3.0948550701	8
	0.000835	10.0128	0.8569386601	0.5871	3.4901	3.6179	0.1400	-3.955	-0.118	-1.610	-3.101	-3.915	-4.586	-5.513	-6.237	-6.338	0.4516	0.5441	121.0	0	-8.874	-0.092	3.0948550701	8
	0.000835	10.0128	0.8569387794	0.5837	3.4912	3.6194	0.1428	-3.958	-0.171	-1.640	-3.120	-3.927	-4.594	-5.513	-6.231	-6.330	0.4516	0.5441	120.2	0	-8.879	-0.092	3.0948550701	8
	0.000835	10.0128	0.8569388986	0.5804	3.4923	3.6210	0.1456	-3.961	-0.224	-1.669	-3.139	-3.939	-4.601	-5.513	-6.224	-6.322	0.4516	0.5442	119.4	0	-8.883	-0.092	3.0948550701	8
	0.000835	10.0128	0.8569390178	0.5770	3.4933	3.6226	0.1484	-3.963	-0.277	-1.698	-3.156	-3.950	-4.608	-5.512	-6.217	-6.314	0.4516	0.5443	118.6	0	-8.888	-0.092	3.0948550701	8
	0.000835	10.0128	0.8569391370	0.5737	3.4944	3.6242	0.1511	-3.966	-0.329	-1.727	-3.174	-3.962	-4.615	-5.512	-6.211	-6.307	0.4516	0.5444	117.9	0	-8.892	-0.092	3.0948553085	8
	0.000835	10.0128	0.8569393158	0.5704	3.4955	3.6258	0.1539	-3.969	-0.382	-1.756	-3.192	-3.973	-4.622	-5.511	-6.204	-6.299	0.4516	0.5445	117.1	0	-8.896	-0.092	3.0948553085	8
	0.000835	10.0128	0.8569394350	0.5670	3.4966	3.6274	0.1566	-3.971	-0.434	-1.785	-3.210	-3.984	-4.629	-5.511	-6.197	-6.291	0.4516	0.5446	116.3	0	-8.900	-0.092	3.0948553085	8
	0.000835	10.0128	0.8569395542	0.5637	3.4976	3.6290	0.1594	-3.974	-0.487	-1.813	-3.228	-3.996	-4.636	-5.510	-6.190	-6.283	0.4516	0.5447	115.6	0	-8.904	-0.092	3.0948553085	8
	0.000835	10.0128	0.8569396734	0.5603	3.4987	3.6306	0.1621	-3.977	-0.538	-1.842	-3.245	-4.007	-4.642	-5.510	-6.184	-6.275	0.4516	0.5447	114.8	0	-8.908	-0.092	3.0948553085	8
	0.000835	10.0128	0.8569397926	0.5570	3.4998	3.6322	0.1648	-3.979	-0.589	-1.869	-3.261	-4.017	-4.648	-5.509	-6.177	-6.268	0.4516	0.5448	114.1	0	-8.911	-0.092	3.0948555470	8
	0.000835	10.0128	0.8569399118	0.5537	3.5008	3.6338	0.1674	-3.982	-0.639	-1.897	-3.278	-4.027	-4.654	-5.508	-6.170	-6.260	0.4516	0.5449	113.4	0	-8.914	-0.092	3.0948555470	8
	0.000835	10.0128	0.8569400311	0.5503	3.5019	3.6354	0.1701	-3.985	-0.690	-1.925	-3.294	-4.038	-4.660	-5.507	-6.163	-6.253	0.4516	0.5450	112.6	0	-8.917	-0.092	3.0948555470	8
