# File generated by CMD 2.8 (http://stev.oapd.inaf.it/cmd) on Mon Sep  5 21:03:26 CEST 2016
# isochrones PARSEC release v1.2S + COLIBRI release PR16
# Basic references: Bressan et al. (2012), MNRAS, 427, 127 + Chen et al. (2014, 2015), MNRAS, 444, 2525 + MNRAS, 452, 1068 + Tang et al. (2014), MNRAS, 445, 4287 + Rosenfield et al. (2016, arXiv:1603.05283)
# Photometric system: <i>UBVRIJHK</i> (cf. Maiz-Apellaniz 2006 + Bessell 1990)
# Using NBC version of bolometric corrections as in Chen et al. (2014), MNRAS, 444, 2525
# BCs of Carbon stars derive from Aringer et al. (2009, A&A 503, 913)
# O-rich circumstellar dust ignored
# C-rich circumstellar dust ignored
# IMF: Chabrier (2001) lognormal 
# On RGB, assumed Reimers mass loss with efficiency eta=0.2
# Kind of output: isochrone tables
#	Isochrone  Z = 0.00039	Y = 0.24900	[M/H] = -1.600	eta_R = 0.200	Age = 	1.2000e+10 yr
#      Z	log(age/yr)	M_ini   	M_act	logL/Lo	logTe	logG	mbol    U       B       V       R       I       J       H       K	C/O	M_hec	period	pmode	logMdot	slope	int_IMF	stage
	0.000391	10.0792	0.0900000036	0.0900	-3.1874	3.4783	5.4448	12.738	20.097	17.332	15.329	13.631	12.055	10.775	10.496	10.402	0.4787	0.0000	0.0	1	-18.038	0.000	1.4676543474	1
	0.000391	10.0792	0.0913248211	0.0913	-3.1439	3.4846	5.4327	12.630	19.682	17.056	15.069	13.452	11.945	10.688	10.379	10.279	0.4787	0.0000	0.0	1	-18.032	0.000	1.4818692207	1
	0.000391	10.0792	0.1000000015	0.1000	-2.8742	3.5234	5.3579	11.956	17.362	15.470	13.664	12.400	11.269	10.147	9.698	9.559	0.4787	0.0000	0.0	1	-17.993	0.000	1.5704020262	1
	0.000391	10.0792	0.1199999973	0.1200	-2.5862	3.5545	5.2732	11.235	15.584	14.129	12.551	11.451	10.546	9.529	9.014	8.852	0.4787	0.0000	0.0	1	-17.914	0.000	1.7478251457	1
	0.000391	10.0792	0.1400000006	0.1400	-2.4038	3.5696	5.2185	10.780	14.669	13.401	11.936	10.907	10.091	9.123	8.586	8.414	0.4787	0.0000	0.0	1	-17.847	0.000	1.8958495855	1
	0.000391	10.0792	0.1599999964	0.1600	-2.2611	3.5797	5.1738	10.423	14.042	12.881	11.486	10.503	9.733	8.797	8.250	8.071	0.4787	0.0000	0.0	1	-17.789	0.000	2.0211524963	1
	0.000391	10.0792	0.2000000030	0.2000	-2.0397	3.5926	5.1012	9.869	13.152	12.127	10.821	9.900	9.179	8.283	7.726	7.541	0.4787	0.0000	0.0	1	-17.692	0.000	2.2217822075	1
	0.000391	10.0792	0.2270645052	0.2271	-1.9242	3.5989	5.0659	9.580	12.713	11.747	10.481	9.589	8.889	8.012	7.452	7.267	0.4787	0.0000	0.0	1	-17.637	0.000	2.3297152519	1
	0.000391	10.0792	0.2500000000	0.2500	-1.8365	3.6037	5.0392	9.361	12.387	11.462	10.225	9.355	8.669	7.807	7.245	7.061	0.4787	0.0000	0.0	1	-17.573	0.000	2.4080901146	1
	0.000391	10.0792	0.3000000119	0.3000	-1.6816	3.6124	4.9981	8.974	11.812	10.958	9.773	8.940	8.280	7.443	6.880	6.701	0.4787	0.0000	0.0	1	-16.636	0.000	2.5475041866	1
	0.000391	10.0792	0.3208323121	0.3208	-1.6268	3.6157	4.9857	8.837	11.608	10.779	9.612	8.793	8.142	7.315	6.752	6.576	0.4787	0.0000	0.0	1	-16.291	0.000	2.5957319736	1
	0.000391	10.0792	0.3499999940	0.3500	-1.5556	3.6200	4.9695	8.659	11.344	10.547	9.403	8.603	7.963	7.148	6.586	6.413	0.4787	0.0000	0.0	1	-15.843	0.000	2.6555202007	1
	0.000391	10.0792	0.3885666728	0.3885	-1.4469	3.6284	4.9398	8.387	10.907	10.173	9.073	8.307	7.691	6.899	6.338	6.174	0.4787	0.0000	0.0	1	-15.306	0.000	2.7232875824	1
	0.000391	10.0792	0.4000000060	0.4000	-1.4166	3.6307	4.9315	8.311	10.786	10.069	8.981	8.225	7.615	6.830	6.269	6.108	0.4787	0.0000	0.0	1	-15.157	0.000	2.7413372993	1
	0.000391	10.0792	0.4499999881	0.4500	-1.2466	3.6487	4.8845	7.887	10.030	9.441	8.441	7.754	7.190	6.454	5.906	5.766	0.4787	0.0000	0.0	1	-14.551	0.000	2.8109800816	1
	0.000391	10.0792	0.5000000000	0.4999	-1.0559	3.6728	4.8360	7.410	9.113	8.717	7.826	7.226	6.719	6.051	5.539	5.422	0.4787	0.0000	0.0	1	-14.010	0.000	2.8684780598	1
	0.000391	10.0792	0.5500000119	0.5499	-0.8434	3.6967	4.7604	6.879	8.174	7.981	7.186	6.660	6.200	5.603	5.141	5.043	0.4787	0.0000	0.0	1	-13.520	0.000	2.9166350365	1
	0.000391	10.0792	0.6000000238	0.5998	-0.6337	3.7239	4.6972	6.354	7.271	7.271	6.578	6.119	5.705	5.185	4.780	4.699	0.4787	0.0000	0.0	1	-13.073	0.000	2.9573988914	1
	0.000391	10.0792	0.6025056243	0.6023	-0.6227	3.7254	4.6943	6.327	7.225	7.234	6.548	6.091	5.680	5.164	4.762	4.682	0.4787	0.0000	0.0	1	-13.052	0.000	2.9592783451	1
	0.000391	10.0792	0.6146013141	0.6144	-0.5696	3.7328	4.6794	6.194	7.006	7.057	6.399	5.958	5.559	5.062	4.673	4.599	0.4787	0.0000	0.0	1	-12.950	0.000	2.9681546688	1
	0.000391	10.0792	0.6253877282	0.6252	-0.5219	3.7394	4.6655	6.075	6.817	6.902	6.267	5.839	5.451	4.971	4.593	4.523	0.4787	0.0000	0.0	1	-12.860	0.000	2.9758048058	1
	0.000391	10.0792	0.6354098320	0.6352	-0.4773	3.7454	4.6517	5.963	6.648	6.760	6.146	5.730	5.351	4.885	4.518	4.451	0.4787	0.0000	0.0	1	-12.779	0.000	2.9826986790	1
	0.000391	10.0792	0.6451419592	0.6449	-0.4336	3.7511	4.6375	5.854	6.485	6.622	6.029	5.623	5.253	4.801	4.443	4.381	0.4787	0.0000	0.0	1	-12.701	0.000	2.9891960621	1
	0.000391	10.0792	0.6499999762	0.6498	-0.4116	3.7539	4.6301	5.799	6.406	6.553	5.970	5.570	5.204	4.760	4.406	4.345	0.4787	0.0000	0.0	1	-12.662	0.000	2.9923686981	1
	0.000391	10.0792	0.6591664553	0.6589	-0.3698	3.7589	4.6141	5.694	6.258	6.425	5.859	5.469	5.111	4.678	4.333	4.275	0.4787	0.0000	0.0	1	-12.590	0.000	2.9982316494	1
	0.000391	10.0792	0.6699107885	0.6696	-0.3199	3.7645	4.5939	5.570	6.090	6.275	5.728	5.349	5.000	4.580	4.244	4.190	0.4787	0.0000	0.0	1	-12.507	0.000	3.0049057007	1
	0.000391	10.0792	0.6804925799	0.6802	-0.2697	3.7700	4.5724	5.444	5.925	6.126	5.598	5.228	4.887	4.480	4.152	4.101	0.4787	0.0000	0.0	1	-12.427	0.000	3.0112788677	1
	0.000391	10.0792	0.6898437142	0.6895	-0.2240	3.7748	4.5516	5.330	5.780	5.993	5.481	5.120	4.787	4.389	4.068	4.022	0.4787	0.0000	0.0	1	-12.357	0.000	3.0167531967	1
	0.000391	10.0792	0.6988927722	0.6985	-0.1786	3.7793	4.5298	5.216	5.637	5.861	5.364	5.012	4.686	4.299	3.984	3.941	0.4787	0.0000	0.0	1	-12.290	0.000	3.0219151974	1
	0.000391	10.0792	0.6999999881	0.6996	-0.1730	3.7798	4.5271	5.202	5.619	5.844	5.350	4.999	4.674	4.287	3.973	3.931	0.4787	0.0000	0.0	1	-12.282	0.000	3.0225379467	1
	0.000391	10.0792	0.7024255395	0.7020	-0.1606	3.7810	4.5208	5.171	5.581	5.808	5.318	4.970	4.648	4.263	3.950	3.909	0.4787	0.0000	0.0	1	-12.265	0.000	3.0238955021	1
	0.000391	10.0792	0.7120693922	0.7116	-0.1092	3.7855	4.4934	5.043	5.425	5.660	5.189	4.853	4.538	4.161	3.852	3.816	0.4787	0.0000	0.0	1	-12.199	0.000	3.0292043686	1
	0.000391	10.0792	0.7205339074	0.7200	-0.0619	3.7893	4.4666	4.925	5.284	5.524	5.069	4.743	4.436	4.065	3.759	3.728	0.4787	0.0000	0.0	1	-12.139	0.000	3.0337505341	1
	0.000391	10.0792	0.7288914323	0.7284	-0.0128	3.7930	4.4372	4.802	5.143	5.385	4.944	4.627	4.326	3.963	3.661	3.633	0.4787	0.0000	0.0	1	-12.079	0.000	3.0381386280	1
	0.000391	10.0792	0.7360692620	0.7355	0.0317	3.7961	4.4093	4.691	5.019	5.260	4.831	4.521	4.225	3.868	3.570	3.546	0.4787	0.0000	0.0	1	-12.028	0.000	3.0418303013	1
	0.000391	10.0792	0.7430227995	0.7424	0.0771	3.7989	4.3793	4.577	4.893	5.134	4.715	4.412	4.121	3.770	3.476	3.454	0.4787	0.0000	0.0	1	-11.978	0.000	3.0453405380	1
	0.000391	10.0792	0.7499766946	0.7493	0.1252	3.8016	4.3460	4.457	4.765	5.002	4.592	4.295	4.008	3.663	3.374	3.353	0.4787	0.0000	0.0	1	-11.929	0.000	3.0487878323	1
	0.000391	10.0792	0.7500000000	0.7493	0.1254	3.8016	4.3459	4.456	4.764	5.001	4.592	4.294	4.008	3.662	3.374	3.353	0.4787	0.0000	0.0	1	-11.929	0.000	3.0487992764	1
	0.000391	10.0792	0.7548394799	0.7541	0.1604	3.8036	4.3213	4.369	4.672	4.906	4.502	4.208	3.925	3.584	3.300	3.280	0.4787	0.0000	0.0	1	-11.896	0.000	3.0511617661	1
	0.000391	10.0792	0.7613950372	0.7606	0.2112	3.8060	4.2839	4.242	4.539	4.768	4.372	4.083	3.804	3.469	3.189	3.170	0.4787	0.0000	0.0	1	-11.851	0.000	3.0543158054	1
	0.000391	10.0792	0.7673935890	0.7665	0.2613	3.8078	4.2445	4.117	4.411	4.634	4.244	3.959	3.683	3.352	3.077	3.058	0.4787	0.0000	0.0	1	-11.811	0.000	3.0571560860	1
	0.000391	10.0792	0.7729814053	0.7721	0.3110	3.8091	4.2031	3.993	4.285	4.503	4.118	3.835	3.562	3.234	2.962	2.944	0.4787	0.0000	0.0	1	-11.775	0.000	3.0597631931	1
	0.000391	10.0792	0.7768096328	0.7758	0.3468	3.8097	4.1717	3.903	4.195	4.410	4.027	3.745	3.473	3.147	2.877	2.858	0.4787	0.0000	0.0	1	-11.751	0.000	3.0615284443	1
	0.000391	10.0792	0.7787287235	0.7777	0.3670	3.8095	4.1518	3.853	4.147	4.359	3.976	3.694	3.422	3.095	2.825	2.806	0.4787	0.0000	0.0	1	-11.739	0.000	3.0624072552	1
	0.000391	10.0792	0.7839662433	0.7829	0.4261	3.8078	4.0886	3.705	4.007	4.214	3.828	3.544	3.270	2.939	2.665	2.646	0.4787	0.0000	0.1	1	-11.708	0.000	3.0647838116	1
	0.000391	10.0792	0.7876509428	0.7865	0.4724	3.8051	4.0336	3.589	3.902	4.104	3.713	3.425	3.147	2.809	2.531	2.511	0.4787	0.0000	0.1	1	-11.687	0.000	3.0664372444	1
	0.000391	10.0792	0.7884387374	0.7872	0.4830	3.8043	4.0204	3.563	3.878	4.080	3.687	3.398	3.119	2.779	2.499	2.479	0.4787	0.0000	0.1	1	-11.683	0.000	3.0667889118	2
	0.000391	10.0792	0.7903292775	0.7891	0.5131	3.8007	3.9769	3.487	3.815	4.016	3.614	3.319	3.034	2.686	2.399	2.378	0.4787	0.0000	0.1	1	-11.672	0.000	3.0676298141	2
	0.000391	10.0792	0.7923180461	0.7910	0.5477	3.7955	3.9225	3.401	3.752	3.948	3.530	3.225	2.932	2.573	2.277	2.252	0.4787	0.0000	0.1	1	-11.662	0.000	3.0685105324	2
	0.000391	10.0792	0.7938678861	0.7925	0.5789	3.7890	3.8662	3.323	3.702	3.896	3.457	3.138	2.834	2.461	2.156	2.126	0.4787	0.0000	0.1	1	-11.654	0.000	3.0691936016	2
	0.000391	10.0792	0.7951108813	0.7937	0.6070	3.7817	3.8096	3.252	3.668	3.859	3.393	3.057	2.741	2.353	2.039	2.001	0.4787	0.0000	0.1	1	-11.647	0.000	3.0697395802	2
	0.000391	10.0792	0.7963782549	0.7949	0.6381	3.7723	3.7416	3.175	3.641	3.821	3.325	2.970	2.639	2.230	1.899	1.855	0.4787	0.0000	0.1	1	-11.641	0.000	3.0702946186	2
	0.000391	10.0792	0.7972552776	0.7958	0.6622	3.7647	3.6875	3.115	3.626	3.793	3.274	2.905	2.562	2.134	1.789	1.741	0.4787	0.0000	0.1	1	-11.637	0.000	3.0706775188	2
	0.000391	10.0792	0.7980176210	0.7965	0.6882	3.7575	3.6330	3.049	3.607	3.760	3.219	2.836	2.482	2.037	1.678	1.626	0.4787	0.0000	0.1	1	-11.633	0.000	3.0710098743	2
	0.000391	10.0792	0.7987548709	0.7972	0.7234	3.7510	3.5722	2.962	3.564	3.702	3.140	2.747	2.382	1.921	1.549	1.493	0.4787	0.0000	0.1	1	-11.630	0.000	3.0713305473	2
	0.000391	10.0792	0.7993401885	0.7977	0.7598	3.7466	3.5184	2.871	3.506	3.633	3.057	2.655	2.283	1.810	1.430	1.372	0.4787	0.0000	0.2	1	-11.627	0.000	3.0715847015	2
	0.000391	10.0792	0.7997440100	0.7981	0.7889	3.7439	3.4789	2.798	3.453	3.573	2.988	2.582	2.206	1.726	1.340	1.281	0.4787	0.0000	0.2	1	-11.625	0.000	3.0717597008	3
	0.000391	10.0792	0.7998345494	0.7982	0.7962	3.7434	3.4696	2.779	3.439	3.557	2.971	2.563	2.187	1.706	1.319	1.259	0.4787	0.0000	0.2	1	-11.625	0.000	3.0717990398	3
	0.000391	10.0792	0.8000000119	0.7983	0.8100	3.7426	3.4524	2.745	3.411	3.527	2.938	2.529	2.151	1.667	1.279	1.219	0.4787	0.0000	0.2	1	-11.624	0.000	3.0718705654	3
	0.000391	10.0792	0.8004012704	0.7987	0.8445	3.7405	3.4101	2.659	3.341	3.451	2.855	2.443	2.062	1.572	1.179	1.118	0.4787	0.0000	0.2	1	-11.623	0.000	3.0720443726	3
	0.000391	10.0792	0.8009260893	0.7992	0.8937	3.7382	3.3519	2.536	3.238	3.339	2.737	2.320	1.935	1.439	1.041	0.979	0.4787	0.0000	0.2	1	-11.620	0.000	3.0722713470	3
	0.000391	10.0792	0.8013716340	0.7995	0.9385	3.7365	3.3002	2.424	3.142	3.237	2.628	2.208	1.821	1.320	0.917	0.854	0.4787	0.0000	0.2	1	-11.619	0.000	3.0724637508	3
	0.000391	10.0792	0.8017973900	0.7999	0.9844	3.7348	3.2478	2.309	3.043	3.130	2.517	2.094	1.704	1.198	0.790	0.727	0.4787	0.0000	0.2	1	-11.617	0.000	3.0726473331	3
	0.000391	10.0792	0.8022298217	0.8003	1.0346	3.7332	3.1913	2.184	2.931	3.013	2.395	1.969	1.577	1.065	0.654	0.590	0.4787	0.0000	0.3	1	-11.615	0.000	3.0728337765	3
	0.000391	10.0792	0.8026272655	0.8006	1.0844	3.7316	3.1355	2.059	2.820	2.897	2.274	1.846	1.451	0.934	0.518	0.454	0.4787	0.0000	0.3	1	-11.614	0.000	3.0730047226	3
	0.000391	10.0792	0.8029839993	0.8008	1.1329	3.7301	3.0812	1.938	2.712	2.783	2.156	1.725	1.328	0.806	0.386	0.322	0.4787	0.0000	0.3	1	-11.613	0.000	3.0731582642	3
	0.000391	10.0792	0.8032959104	0.8010	1.1787	3.7287	3.0299	1.823	2.611	2.676	2.044	1.611	1.212	0.686	0.262	0.197	0.4787	0.0000	0.4	1	-11.612	0.000	3.0732922554	3
	0.000391	10.0792	0.8035997152	0.8012	1.2274	3.7273	2.9754	1.701	2.504	2.563	1.926	1.490	1.089	0.558	0.130	0.065	0.4787	0.0000	0.4	1	-11.611	0.000	3.0734226704	3
	0.000391	10.0792	0.8038911819	0.8014	1.2785	3.7257	2.9180	1.574	2.392	2.444	1.801	1.363	0.959	0.424	-0.008	-0.074	0.4787	0.0000	0.4	1	-11.611	0.000	3.0735476017	3
	0.000391	10.0792	0.8041355610	0.8015	1.3252	3.7242	2.8654	1.457	2.290	2.335	1.688	1.247	0.840	0.301	-0.135	-0.201	0.4787	0.0000	0.5	1	-11.610	0.000	3.0736525059	3
	0.000391	10.0792	0.8043584824	0.8016	1.3715	3.7227	2.8131	1.341	2.189	2.228	1.575	1.132	0.723	0.179	-0.260	-0.328	0.4787	0.0000	0.5	1	-11.610	0.000	3.0737478733	3
	0.000391	10.0792	0.8045680523	0.8017	1.4190	3.7211	2.7594	1.223	2.086	2.118	1.460	1.015	0.603	0.053	-0.390	-0.458	0.4787	0.0000	0.6	1	-11.610	0.000	3.0738377571	3
	0.000391	10.0792	0.8047533631	0.8017	1.4648	3.7195	2.7072	1.108	1.988	2.013	1.350	0.901	0.486	-0.068	-0.515	-0.583	0.4787	0.0000	0.6	1	-11.610	0.000	3.0739169121	3
	0.000391	10.0792	0.8049295545	0.8017	1.5124	3.7178	2.6528	0.989	1.886	1.904	1.235	0.783	0.366	-0.193	-0.645	-0.714	0.4787	0.0000	0.7	1	-11.611	0.000	3.0739922523	3
	0.000391	10.0792	0.8050848842	0.8016	1.5584	3.7162	2.6002	0.874	1.789	1.800	1.125	0.670	0.249	-0.315	-0.771	-0.841	0.4787	0.0000	0.7	1	-11.611	0.000	3.0740587711	3
	0.000391	10.0792	0.8052231669	0.8016	1.6029	3.7145	2.5489	0.763	1.695	1.699	1.018	0.560	0.137	-0.433	-0.894	-0.964	0.4787	0.0000	0.8	1	-11.612	0.000	3.0741178989	3
	0.000391	10.0792	0.8053548336	0.8015	1.6491	3.7128	2.4958	0.647	1.598	1.595	0.907	0.446	0.019	-0.555	-1.021	-1.092	0.4787	0.0000	0.9	1	-11.612	0.000	3.0741741657	3
	0.000391	10.0792	0.8054741025	0.8014	1.6947	3.7110	2.4431	0.533	1.507	1.493	0.797	0.332	-0.097	-0.676	-1.146	-1.218	0.4787	0.0000	1.0	1	-11.613	0.000	3.0742251873	3
	0.000391	10.0792	0.8055790663	0.8012	1.7383	3.7092	2.3924	0.424	1.421	1.396	0.693	0.224	-0.208	-0.793	-1.266	-1.339	0.4787	0.0000	1.1	1	-11.615	0.000	3.0742700100	3
	0.000391	10.0792	0.8056755066	0.8011	1.7817	3.7075	2.3419	0.316	1.336	1.300	0.589	0.116	-0.319	-0.909	-1.386	-1.460	0.4787	0.0000	1.1	1	-11.616	0.000	3.0743110180	3
	0.000391	10.0792	0.8057687879	0.8009	1.8272	3.7056	2.2888	0.202	1.249	1.201	0.480	0.004	-0.435	-1.030	-1.512	-1.587	0.4787	0.0000	1.3	1	-11.617	0.000	3.0743508339	3
	0.000391	10.0792	0.8058505058	0.8006	1.8703	3.7038	2.2383	0.094	1.166	1.107	0.378	-0.102	-0.544	-1.145	-1.632	-1.707	0.4787	0.0000	1.4	1	-11.619	0.000	3.0743858814	3
	0.000391	10.0792	0.8059256673	0.8004	1.9129	3.7019	2.1882	-0.012	1.085	1.014	0.277	-0.208	-0.653	-1.259	-1.751	-1.826	0.4787	0.0000	1.5	1	-11.621	0.000	3.0744178295	3
	0.000391	10.0792	0.8059967756	0.8001	1.9562	3.7000	2.1371	-0.121	1.003	0.921	0.174	-0.315	-0.763	-1.375	-1.872	-1.948	0.4787	0.0000	1.6	1	-11.623	0.000	3.0744481087	3
	0.000391	10.0792	0.8060593605	0.7998	1.9968	3.6982	2.0891	-0.222	0.929	0.834	0.078	-0.414	-0.866	-1.484	-1.985	-2.062	0.4787	0.0000	1.8	1	-11.626	0.000	3.0744748116	3
	0.000391	10.0792	0.8061196804	0.7994	2.0373	3.6964	2.0409	-0.323	0.855	0.749	-0.017	-0.513	-0.969	-1.592	-2.098	-2.176	0.4787	0.0000	1.9	1	-11.629	0.000	3.0745005608	3
	0.000391	10.0792	0.8061822653	0.7989	2.0735	3.6947	1.9979	-0.414	0.789	0.673	-0.102	-0.602	-1.060	-1.689	-2.200	-2.278	0.4787	0.0000	2.1	1	-11.632	0.000	3.0745272636	3
	0.000391	10.0792	0.8062382340	0.7985	2.0976	3.6937	1.9694	-0.474	0.747	0.622	-0.159	-0.661	-1.122	-1.754	-2.267	-2.346	0.4787	0.0000	2.2	1	-11.635	0.000	3.0745511055	3
	0.000391	10.0792	0.8062849045	0.7981	2.0830	3.6947	1.9878	-0.438	0.767	0.649	-0.126	-0.626	-1.084	-1.713	-2.224	-2.303	0.4787	0.0000	2.1	1	-11.636	0.000	3.0745711327	3
	0.000391	10.0792	0.8062931895	0.7981	2.0903	3.6943	1.9791	-0.456	0.755	0.634	-0.143	-0.644	-1.103	-1.733	-2.245	-2.323	0.4787	0.0000	2.2	1	-11.637	0.000	3.0745744705	3
	0.000391	10.0792	0.8063392043	0.7977	2.1324	3.6923	1.9287	-0.561	0.685	0.548	-0.241	-0.747	-1.210	-1.847	-2.364	-2.443	0.4787	0.0000	2.3	1	-11.640	0.000	3.0745942593	3
	0.000391	10.0792	0.8063856959	0.7972	2.1777	3.6901	1.8743	-0.674	0.610	0.455	-0.347	-0.857	-1.325	-1.969	-2.492	-2.573	0.4787	0.0000	2.6	1	-11.644	0.000	3.0746140480	3
	0.000391	10.0792	0.8064251542	0.7967	2.2192	3.6880	1.8242	-0.778	0.545	0.372	-0.442	-0.958	-1.430	-2.081	-2.611	-2.692	0.4787	0.0000	2.8	1	-11.648	0.000	3.0746307373	3
	0.000391	10.0792	0.8064640164	0.7961	2.2632	3.6857	1.7707	-0.888	0.478	0.285	-0.543	-1.064	-1.541	-2.200	-2.737	-2.819	0.4787	0.0000	3.1	1	-11.653	0.000	3.0746474266	3
	0.000391	10.0792	0.8065002561	0.7955	2.3076	3.6835	1.7169	-0.999	0.409	0.197	-0.644	-1.172	-1.653	-2.320	-2.864	-2.947	0.4787	0.0000	3.4	1	-11.659	0.000	3.0746629238	3
	0.000391	10.0792	0.8065319657	0.7948	2.3494	3.6811	1.6653	-1.104	0.349	0.117	-0.739	-1.272	-1.758	-2.434	-2.985	-3.069	0.4787	0.0000	3.7	1	-11.664	0.000	3.0746762753	3
	0.000391	10.0792	0.8065634370	0.7940	2.3941	3.6788	1.6109	-1.215	0.284	0.030	-0.841	-1.380	-1.871	-2.554	-3.113	-3.197	0.4787	0.0000	4.1	1	-11.671	0.000	3.0746896267	3
	0.000391	10.0792	0.8065912724	0.7932	2.4370	3.6763	1.5577	-1.323	0.226	-0.050	-0.936	-1.482	-1.978	-2.671	-3.237	-3.322	0.4787	0.0000	4.5	1	-11.679	0.000	3.0747015476	3
	0.000391	10.0792	0.8066172600	0.7923	2.4799	3.6739	1.5046	-1.430	0.169	-0.130	-1.032	-1.585	-2.086	-2.787	-3.361	-3.446	0.4787	0.0000	4.9	1	-11.687	0.000	3.0747127533	3
	0.000391	10.0792	0.8066420555	0.7913	2.5241	3.6713	1.4495	-1.540	0.112	-0.211	-1.130	-1.690	-2.196	-2.907	-3.488	-3.575	0.4787	0.0000	5.4	1	-11.697	0.000	3.0747232437	3
	0.000391	10.0792	0.8066687584	0.7900	2.5759	3.6683	1.3850	-1.670	0.048	-0.306	-1.243	-1.813	-2.326	-3.047	-3.638	-3.725	0.4787	0.0000	6.0	1	-11.710	0.000	3.0747346878	3
	0.000391	10.0792	0.8066902161	0.7887	2.6210	3.6656	1.3285	-1.782	-0.004	-0.386	-1.341	-1.918	-2.438	-3.169	-3.768	-3.856	0.4787	0.0000	6.7	1	-11.723	0.000	3.0747437477	3
	0.000391	10.0792	0.8067123890	0.7871	2.6713	3.6625	1.2646	-1.908	-0.059	-0.474	-1.449	-2.036	-2.564	-3.306	-3.914	-4.004	0.4787	0.0000	7.4	1	-11.739	0.000	3.0747530460	3
	0.000391	10.0792	0.8067306280	0.7856	2.7165	3.6597	1.2073	-2.021	-0.107	-0.552	-1.546	-2.142	-2.676	-3.428	-4.045	-4.136	0.4787	0.0000	8.2	1	-11.755	0.000	3.0747609138	3
	0.000391	10.0792	0.8067492247	0.7837	2.7661	3.6565	1.1439	-2.145	-0.154	-0.634	-1.650	-2.256	-2.798	-3.563	-4.190	-4.282	0.4787	0.0000	9.2	1	-11.776	0.000	3.0747687817	3
	0.000391	10.0792	0.8067646623	0.7818	2.8108	3.6536	1.0865	-2.257	-0.195	-0.708	-1.743	-2.358	-2.907	-3.684	-4.320	-4.414	0.4787	0.0000	10.1	1	-11.797	0.000	3.0747754574	3
	0.000391	10.0792	0.8067808747	0.7795	2.8614	3.6503	1.0215	-2.383	-0.240	-0.790	-1.848	-2.474	-3.031	-3.821	-4.468	-4.563	0.4787	0.0000	11.4	1	-11.824	0.000	3.0747823715	3
	0.000391	10.0792	0.8067973256	0.7765	2.9176	3.6465	0.9484	-2.524	-0.246	-0.866	-1.960	-2.603	-3.171	-3.975	-4.632	-4.728	0.4787	0.0000	12.9	1	-11.859	0.000	3.0747892857	3
	0.000391	10.0792	0.8068106771	0.7735	2.9673	3.6431	0.8834	-2.648	-0.233	-0.926	-2.058	-2.717	-3.295	-4.112	-4.777	-4.873	0.4787	0.0000	14.5	1	-11.895	0.000	3.0747950077	3
	0.000391	10.0792	0.8068221211	0.7705	3.0131	3.6399	0.8234	-2.763	-0.217	-0.980	-2.147	-2.822	-3.410	-4.238	-4.910	-5.007	0.4787	0.0000	16.1	1	-11.933	0.000	3.0747997761	3
	0.000391	10.0792	0.8068339825	0.7667	3.0639	3.6363	0.7559	-2.890	-0.187	-1.032	-2.242	-2.935	-3.536	-4.378	-5.059	-5.157	0.4787	0.0000	18.1	1	-11.931	0.000	3.0748050213	3
	0.000391	10.0792	0.8068460822	0.7618	3.1205	3.6323	0.6807	-3.031	-0.148	-1.090	-2.348	-3.062	-3.676	-4.533	-5.224	-5.322	0.4787	0.0000	20.7	1	-11.421	0.000	3.0748100281	3
	0.000391	10.0792	0.8068562150	0.7568	3.1720	3.6287	0.6116	-3.160	-0.104	-1.137	-2.441	-3.175	-3.802	-4.674	-5.374	-5.474	0.4787	0.0000	23.3	1	-10.959	0.000	3.0748143196	3
	0.000391	10.0792	0.8068664670	0.7506	3.2276	3.6247	0.5366	-3.299	-0.048	-1.185	-2.540	-3.296	-3.937	-4.826	-5.536	-5.637	0.4787	0.0000	26.7	1	-10.467	0.000	3.0748188496	3
	0.000391	10.0792	0.8068759441	0.7433	3.2815	3.6209	0.4632	-3.434	-0.004	-1.232	-2.634	-3.412	-4.067	-4.973	-5.693	-5.795	0.4787	0.0000	30.4	1	-9.995	0.000	3.0748229027	3
	0.000391	10.0792	0.8068786263	0.7411	3.2956	3.6199	0.4438	-3.469	0.004	-1.246	-2.658	-3.442	-4.101	-5.011	-5.734	-5.837	0.4787	0.0000	31.4	1	-9.873	0.000	3.0748238564	4
	0.000391	10.0792	0.8068786263	0.7412	1.7126	3.8032	2.7603	0.489	0.873	0.915	0.555	0.285	0.021	-0.315	-0.575	-0.601	0.4787	0.0000	0.5	1	-11.989	0.000	3.0748238564	4
	0.000391	10.0792	0.8068804741	0.7412	1.7180	3.8005	2.7438	0.475	0.868	0.913	0.546	0.270	0.000	-0.342	-0.609	-0.635	0.4787	0.0000	0.6	1	-11.989	0.000	3.0748248100	4
	0.000391	10.0792	0.8069359064	0.7413	1.7323	3.7986	2.7222	0.439	0.839	0.886	0.513	0.233	-0.040	-0.387	-0.657	-0.683	0.4787	0.0000	0.6	1	-11.989	0.000	3.0748484135	4
	0.000391	10.0792	0.8069928885	0.7413	1.7334	3.7989	2.7224	0.437	0.835	0.881	0.509	0.230	-0.042	-0.388	-0.657	-0.684	0.4787	0.0000	0.6	1	-11.988	0.000	3.0748724937	4
	0.000391	10.0792	0.8070507050	0.7414	1.7340	3.7995	2.7240	0.435	0.832	0.876	0.506	0.229	-0.042	-0.387	-0.655	-0.682	0.4787	0.0000	0.6	1	-11.988	0.000	3.0748970509	4
	0.000391	10.0792	0.8071101904	0.7414	1.7342	3.8003	2.7271	0.435	0.829	0.872	0.505	0.229	-0.041	-0.384	-0.650	-0.676	0.4787	0.0000	0.6	1	-11.987	0.000	3.0749225616	4
	0.000391	10.0792	0.8071693182	0.7415	1.7339	3.8012	2.7312	0.435	0.827	0.869	0.504	0.230	-0.038	-0.378	-0.643	-0.668	0.4787	0.0000	0.6	1	-11.987	0.000	3.0749475956	4
	0.000391	10.0792	0.8072292209	0.7416	1.7333	3.8024	2.7363	0.437	0.825	0.865	0.504	0.232	-0.034	-0.371	-0.633	-0.659	0.4787	0.0000	0.6	1	-11.986	0.000	3.0749731064	4
	0.000391	10.0792	0.8072894216	0.7416	1.7325	3.8035	2.7419	0.439	0.823	0.862	0.504	0.235	-0.029	-0.364	-0.622	-0.648	0.4787	0.0000	0.6	1	-11.986	0.000	3.0749986172	4
	0.000391	10.0792	0.8073503971	0.7417	1.7316	3.8047	2.7474	0.441	0.821	0.859	0.505	0.238	-0.024	-0.356	-0.612	-0.637	0.4787	0.0000	0.6	1	-11.985	0.000	3.0750246048	4
	0.000391	10.0792	0.8074082732	0.7418	1.7309	3.8056	2.7519	0.443	0.820	0.857	0.505	0.240	-0.020	-0.350	-0.603	-0.629	0.4787	0.0000	0.6	1	-11.985	0.000	3.0750491619	4
	0.000391	10.0792	0.8074660301	0.7418	1.7304	3.8064	2.7557	0.444	0.819	0.855	0.505	0.242	-0.017	-0.345	-0.596	-0.622	0.4787	0.0000	0.6	1	-11.984	0.000	3.0750737190	4
	0.000391	10.0792	0.8075220585	0.7419	1.7302	3.8070	2.7584	0.445	0.817	0.853	0.505	0.243	-0.015	-0.341	-0.591	-0.616	0.4787	0.0000	0.5	1	-11.984	0.000	3.0750975609	4
	0.000391	10.0792	0.8075422645	0.7419	1.7301	3.8072	2.7588	0.445	0.817	0.852	0.505	0.243	-0.014	-0.340	-0.590	-0.616	0.4787	0.0000	0.5	1	-11.984	0.000	3.0751061440	4
	0.000391	10.0792	0.8075769544	0.7420	1.7301	3.8074	2.7598	0.445	0.816	0.851	0.504	0.243	-0.014	-0.339	-0.589	-0.614	0.4787	0.0000	0.5	1	-11.983	0.000	3.0751209259	4
	0.000391	10.0792	0.8076282740	0.7420	1.7303	3.8074	2.7598	0.444	0.816	0.851	0.504	0.243	-0.014	-0.340	-0.589	-0.614	0.4787	0.0000	0.5	1	-11.983	0.000	3.0751426220	4
	0.000391	10.0792	0.8076789975	0.7421	1.7310	3.8070	2.7574	0.442	0.815	0.851	0.503	0.241	-0.017	-0.343	-0.594	-0.619	0.4787	0.0000	0.5	1	-11.983	0.000	3.0751643181	4
	0.000391	10.0792	0.8077329397	0.7421	1.7320	3.8061	2.7530	0.440	0.816	0.852	0.501	0.238	-0.022	-0.350	-0.603	-0.628	0.4787	0.0000	0.6	1	-11.982	0.000	3.0751872063	4
	0.000391	10.0792	0.8077862859	0.7422	1.7335	3.8048	2.7462	0.436	0.816	0.854	0.500	0.233	-0.028	-0.360	-0.616	-0.641	0.4787	0.0000	0.6	1	-11.982	0.000	3.0752098560	4
	0.000391	10.0792	0.8078412414	0.7423	1.7354	3.8030	2.7371	0.432	0.817	0.857	0.498	0.227	-0.037	-0.374	-0.634	-0.659	0.4787	0.0000	0.6	1	-11.981	0.000	3.0752332211	4
	0.000391	10.0792	0.8078973889	0.7423	1.7380	3.8004	2.7242	0.425	0.819	0.862	0.495	0.219	-0.050	-0.393	-0.659	-0.685	0.4787	0.0000	0.6	1	-11.981	0.000	3.0752570629	4
	0.000391	10.0792	0.8079484701	0.7424	1.7409	3.7977	2.7105	0.418	0.821	0.868	0.492	0.211	-0.063	-0.413	-0.685	-0.712	0.4787	0.0000	0.6	1	-11.981	0.000	3.0752785206	4
	0.000391	10.0792	0.8079925776	0.7424	1.7437	3.7951	2.6974	0.411	0.823	0.875	0.490	0.203	-0.076	-0.432	-0.709	-0.738	0.4787	0.0000	0.6	1	-11.980	0.000	3.0752973557	4
	0.000391	10.0792	0.8080016971	0.7424	1.7444	3.7945	2.6944	0.409	0.824	0.877	0.490	0.201	-0.079	-0.436	-0.715	-0.744	0.4787	0.0000	0.6	1	-11.980	0.000	3.0753011703	4
	0.000391	10.0792	0.8080484271	0.7425	1.7478	3.7914	2.6786	0.400	0.826	0.885	0.487	0.192	-0.094	-0.460	-0.745	-0.775	0.4787	0.0000	0.6	1	-11.980	0.000	3.0753209591	4
	0.000391	10.0792	0.8080960512	0.7425	1.7518	3.7881	2.6614	0.390	0.828	0.894	0.485	0.181	-0.111	-0.485	-0.777	-0.810	0.4787	0.0000	0.6	1	-11.980	0.000	3.0753412247	4
	0.000391	10.0792	0.8081415892	0.7426	1.7565	3.7844	2.6418	0.379	0.830	0.905	0.482	0.168	-0.130	-0.513	-0.814	-0.849	0.4787	0.0000	0.7	1	-11.980	0.000	3.0753605366	4
	0.000391	10.0792	0.8081903458	0.7426	1.7619	3.7803	2.6202	0.365	0.832	0.917	0.479	0.154	-0.151	-0.545	-0.854	-0.892	0.4787	0.0000	0.7	1	-11.979	0.000	3.0753812790	4
	0.000391	10.0792	0.8082358241	0.7427	1.7670	3.7769	2.6013	0.352	0.837	0.922	0.472	0.141	-0.171	-0.575	-0.893	-0.932	0.4787	0.0000	0.7	1	-11.979	0.000	3.0754005909	4
	0.000391	10.0792	0.8082812428	0.7427	1.7726	3.7731	2.5807	0.338	0.843	0.927	0.466	0.126	-0.193	-0.607	-0.936	-0.975	0.4787	0.0000	0.7	1	-11.979	0.000	3.0754199028	4
	0.000391	10.0792	0.8083276153	0.7428	1.7785	3.7695	2.5603	0.324	0.848	0.931	0.458	0.111	-0.215	-0.639	-0.978	-1.018	0.4787	0.0000	0.8	1	-11.979	0.000	3.0754394531	4
	0.000391	10.0792	0.8083730936	0.7428	1.7844	3.7662	2.5414	0.309	0.850	0.933	0.449	0.095	-0.236	-0.669	-1.014	-1.056	0.4787	0.0000	0.8	1	-11.978	0.000	3.0754587650	4
	0.000391	10.0792	0.8084183335	0.7429	1.7908	3.7631	2.5225	0.293	0.850	0.932	0.439	0.079	-0.258	-0.698	-1.051	-1.095	0.4787	0.0000	0.8	1	-11.978	0.000	3.0754778385	4
	0.000391	10.0792	0.8084697127	0.7429	1.8000	3.7593	2.4983	0.270	0.847	0.929	0.423	0.056	-0.288	-0.738	-1.099	-1.145	0.4787	0.0000	0.9	1	-11.978	0.000	3.0754997730	4
	0.000391	10.0792	0.8085168004	0.7430	1.8108	3.7556	2.4728	0.243	0.843	0.921	0.402	0.028	-0.322	-0.781	-1.151	-1.198	0.4787	0.0000	0.9	1	-11.978	0.000	3.0755195618	4
	0.000391	10.0792	0.8085632920	0.7431	1.8281	3.7510	2.4370	0.200	0.830	0.902	0.367	-0.016	-0.374	-0.845	-1.225	-1.274	0.4787	0.0000	1.0	1	-11.978	0.000	3.0755393505	4
	0.000391	10.0792	0.8085945845	0.7431	1.8569	3.7449	2.3837	0.128	0.802	0.863	0.306	-0.088	-0.457	-0.944	-1.336	-1.389	0.4787	0.0000	1.0	1	-11.978	0.000	3.0755527020	4
	0.000391	10.0792	0.8086126447	0.7431	1.8902	3.7386	2.3253	0.044	0.768	0.815	0.235	-0.172	-0.551	-1.054	-1.460	-1.516	0.4787	0.0000	1.2	1	-11.978	0.000	3.0755603313	4
	0.000391	10.0792	0.8086217046	0.7431	1.9260	3.7326	2.2657	-0.045	0.732	0.762	0.158	-0.260	-0.650	-1.169	-1.589	-1.647	0.4787	0.0000	1.3	1	-11.979	0.000	3.0755641460	4
	0.000391	10.0792	0.8086258769	0.7431	1.9609	3.7276	2.2105	-0.132	0.694	0.707	0.083	-0.346	-0.745	-1.278	-1.709	-1.769	0.4787	0.0000	1.4	1	-11.980	0.000	3.0755658150	4
	0.000391	10.0792	0.8086281419	0.7431	1.9972	3.7230	2.1558	-0.223	0.650	0.646	0.003	-0.436	-0.842	-1.388	-1.829	-1.892	0.4787	0.0000	1.6	1	-11.981	0.000	3.0755667686	4
	0.000391	10.0792	0.8086293340	0.7431	2.0299	3.7193	2.1085	-0.305	0.607	0.589	-0.070	-0.516	-0.929	-1.484	-1.935	-1.999	0.4787	0.0000	1.7	1	-11.981	0.000	3.0755674839	5
	0.000391	10.0792	0.8086293936	0.7431	2.0317	3.7191	2.1059	-0.309	0.604	0.586	-0.074	-0.521	-0.934	-1.490	-1.940	-2.005	0.4787	0.0000	1.7	1	-11.981	0.000	3.0755674839	6
	0.000391	10.0792	0.8086294532	0.7431	2.0324	3.7191	2.1050	-0.311	0.604	0.584	-0.075	-0.522	-0.935	-1.492	-1.942	-2.007	0.4787	0.0000	1.7	1	-11.982	0.000	3.0755674839	7
	0.000391	10.0792	0.8086304665	0.7431	2.0730	3.7153	2.0492	-0.413	0.546	0.510	-0.167	-0.622	-1.042	-1.609	-2.068	-2.135	0.4787	0.0000	1.9	1	-11.983	0.000	3.0755679607	7
	0.000391	10.0792	0.8086314201	0.7431	2.1103	3.7121	1.9993	-0.506	0.490	0.440	-0.251	-0.713	-1.139	-1.715	-2.182	-2.251	0.4787	0.0000	2.0	1	-11.984	0.000	3.0755681992	7
	0.000391	10.0792	0.8086323142	0.7431	2.1387	3.7099	1.9618	-0.577	0.448	0.386	-0.316	-0.783	-1.214	-1.796	-2.268	-2.338	0.4787	0.0000	2.2	1	-11.985	0.000	3.0755686760	7
	0.000391	10.0792	0.8086332083	0.7431	2.1627	3.7081	1.9306	-0.637	0.414	0.341	-0.371	-0.842	-1.275	-1.863	-2.341	-2.411	0.4787	0.0000	2.3	1	-11.985	0.000	3.0755689144	7
	0.000391	10.0792	0.8086345196	0.7431	2.1777	3.7070	1.9114	-0.674	0.392	0.313	-0.405	-0.879	-1.314	-1.905	-2.385	-2.456	0.4787	0.0000	2.4	1	-11.986	0.000	3.0755696297	7
	0.000391	10.0792	0.8086370826	0.7431	2.1658	3.7080	1.9273	-0.644	0.408	0.334	-0.378	-0.850	-1.283	-1.872	-2.349	-2.419	0.4787	0.0000	2.3	1	-11.985	0.000	3.0755705833	7
	0.000391	10.0792	0.8086413145	0.7431	2.1483	3.7093	1.9500	-0.601	0.432	0.367	-0.339	-0.807	-1.238	-1.822	-2.296	-2.366	0.4787	0.0000	2.2	1	-11.985	0.000	3.0755724907	7
	0.000391	10.0792	0.8086668253	0.7432	2.1561	3.7084	1.9388	-0.620	0.425	0.355	-0.355	-0.826	-1.258	-1.845	-2.321	-2.392	0.4787	0.0000	2.3	1	-11.985	0.000	3.0755832195	7
	0.000391	10.0792	0.8086823225	0.7432	2.1799	3.7064	1.9068	-0.680	0.395	0.312	-0.409	-0.884	-1.320	-1.913	-2.395	-2.466	0.4787	0.0000	2.4	1	-11.986	0.000	3.0755898952	7
	0.000391	10.0792	0.8087010980	0.7432	2.2215	3.7031	1.8521	-0.784	0.338	0.236	-0.503	-0.985	-1.428	-2.031	-2.521	-2.594	0.4787	0.0000	2.6	1	-11.987	0.000	3.0755977631	7
	0.000391	10.0792	0.8087202907	0.7432	2.2632	3.7000	1.7979	-0.888	0.280	0.158	-0.597	-1.087	-1.535	-2.148	-2.647	-2.721	0.4787	0.0000	2.9	1	-11.989	0.000	3.0756058693	7
	0.000391	10.0792	0.8087375760	0.7432	2.3055	3.6969	1.7433	-0.994	0.224	0.081	-0.692	-1.189	-1.644	-2.267	-2.773	-2.848	0.4787	0.0000	3.2	1	-11.991	0.000	3.0756132603	7
	0.000391	10.0792	0.8087528348	0.7433	2.3475	3.6939	1.6892	-1.099	0.168	0.004	-0.787	-1.291	-1.751	-2.384	-2.899	-2.975	0.4787	0.0000	3.5	1	-11.993	0.000	3.0756196976	7
	0.000391	10.0792	0.8087663054	0.7433	2.3893	3.6909	1.6355	-1.203	0.112	-0.072	-0.880	-1.391	-1.858	-2.500	-3.023	-3.101	0.4787	0.0000	3.8	1	-11.996	0.000	3.0756254196	7
	0.000391	10.0792	0.8087781668	0.7433	2.4311	3.6880	1.5820	-1.308	0.060	-0.147	-0.973	-1.491	-1.964	-2.616	-3.148	-3.227	0.4787	0.0000	4.2	1	-11.999	0.000	3.0756304264	7
	0.000391	10.0792	0.8087886572	0.7433	2.4726	3.6850	1.5287	-1.412	0.009	-0.221	-1.065	-1.590	-2.069	-2.731	-3.272	-3.352	0.4787	0.0000	4.6	1	-12.002	0.000	3.0756349564	7
	0.000391	10.0792	0.8087981939	0.7433	2.5145	3.6821	1.4749	-1.516	-0.042	-0.296	-1.157	-1.689	-2.174	-2.847	-3.397	-3.478	0.4787	0.0000	5.1	1	-12.006	0.000	3.0756390095	7
	0.000391	10.0792	0.8088069558	0.7433	2.5566	3.6791	1.4209	-1.622	-0.091	-0.369	-1.249	-1.789	-2.280	-2.964	-3.522	-3.605	0.4787	0.0000	5.6	1	-12.010	0.000	3.0756425858	7
	0.000391	10.0792	0.8088150620	0.7433	2.5992	3.6760	1.3661	-1.728	-0.136	-0.442	-1.340	-1.889	-2.387	-3.081	-3.648	-3.732	0.4787	0.0000	6.1	1	-12.015	0.000	3.0756459236	7
	0.000391	10.0792	0.8088226318	0.7433	2.6421	3.6729	1.3107	-1.835	-0.181	-0.514	-1.432	-1.990	-2.495	-3.200	-3.776	-3.861	0.4787	0.0000	6.8	1	-12.021	0.000	3.0756492615	7
	0.000391	10.0792	0.8088299036	0.7433	2.6851	3.6697	1.2551	-1.943	-0.224	-0.586	-1.523	-2.091	-2.602	-3.319	-3.904	-3.991	0.4787	0.0000	7.5	1	-12.027	0.000	3.0756523609	7
	0.000391	10.0792	0.8088368177	0.7434	2.7281	3.6666	1.1993	-2.050	-0.261	-0.655	-1.613	-2.190	-2.709	-3.437	-4.032	-4.120	0.4787	0.0000	8.2	1	-12.034	0.000	3.0756552219	7
	0.000391	10.0792	0.8088434339	0.7434	2.7705	3.6634	1.1442	-2.156	-0.297	-0.723	-1.701	-2.288	-2.814	-3.554	-4.159	-4.247	0.4787	0.0000	9.0	1	-12.043	0.000	3.0756580830	7
	0.000391	10.0792	0.8088493943	0.7434	2.8128	3.6602	1.0893	-2.262	-0.332	-0.790	-1.789	-2.385	-2.919	-3.670	-4.285	-4.374	0.4787	0.0000	10.0	1	-12.052	0.000	3.0756604671	7
	0.000391	10.0792	0.8088544011	0.7434	2.8523	3.6572	1.0377	-2.361	-0.359	-0.850	-1.868	-2.475	-3.016	-3.779	-4.403	-4.494	0.4787	0.0000	10.9	1	-12.062	0.000	3.0756626129	7
	0.000391	10.0792	0.8088586330	0.7434	2.8910	3.6542	0.9871	-2.458	-0.376	-0.905	-1.946	-2.562	-3.111	-3.885	-4.518	-4.611	0.4787	0.0000	11.9	1	-12.072	0.000	3.0756645203	7
	0.000391	10.0792	0.8088622093	0.7434	2.9309	3.6511	0.9347	-2.557	-0.367	-0.952	-2.024	-2.654	-3.212	-3.997	-4.637	-4.730	0.4787	0.0000	13.1	1	-12.085	0.000	3.0756659508	7
	0.000391	10.0792	0.8088655472	0.7434	2.9747	3.6476	0.8771	-2.667	-0.349	-1.001	-2.108	-2.753	-3.321	-4.119	-4.767	-4.862	0.4787	0.0000	14.5	1	-12.101	0.000	3.0756673813	7
	0.000391	10.0792	0.8088690042	0.7434	3.0212	3.6439	0.8158	-2.783	-0.323	-1.050	-2.196	-2.858	-3.437	-4.249	-4.906	-5.001	0.4787	0.0000	16.1	1	-12.119	0.000	3.0756688118	7
	0.000391	10.0792	0.8088720441	0.7434	3.0691	3.6401	0.7526	-2.903	-0.292	-1.097	-2.285	-2.965	-3.556	-4.382	-5.049	-5.145	0.4787	0.0000	18.1	1	-11.968	0.000	3.0756702423	7
	0.000391	10.0792	0.8088730574	0.7434	3.0908	3.6382	0.7232	-2.957	-0.268	-1.114	-2.322	-3.012	-3.609	-4.443	-5.115	-5.211	0.4787	0.0000	19.0	1	-11.763	0.000	3.0756707191	7
	0.000391	10.0792	0.8088732958	0.7434	3.1082	3.6368	0.7004	-3.000	-0.254	-1.130	-2.354	-3.050	-3.652	-4.491	-5.166	-5.263	0.4787	0.0000	19.8	1	-11.605	0.000	3.0756707191	7
	0.000391	10.0792	0.8088735938	0.7434	3.1282	3.6352	0.6740	-3.050	-0.236	-1.148	-2.389	-3.094	-3.701	-4.546	-5.226	-5.323	0.4787	0.0000	20.8	1	-11.423	0.000	3.0756707191	7
	0.000391	10.0792	0.8088740110	0.7434	3.1573	3.6328	0.6353	-3.123	-0.205	-1.171	-2.441	-3.157	-3.772	-4.627	-5.313	-5.410	0.4787	0.0000	22.3	1	-11.156	0.000	3.0756709576	7
	0.000391	10.0792	0.8088742495	0.7434	3.1741	3.6314	0.6126	-3.165	-0.183	-1.183	-2.469	-3.194	-3.813	-4.674	-5.363	-5.461	0.4787	0.5342	23.2	1	-11.001	0.000	3.0756711960	7
	0.000391	10.0792	0.8088742495	0.7434	3.1741	3.6314	0.6125	-3.165	-0.183	-1.183	-2.469	-3.193	-3.813	-4.674	-5.364	-5.461	0.4787	0.5342	23.2	1	-11.001	0.000	3.0756711960	8
	0.000391	10.0792	0.8088742495	0.7442	3.1758	3.6312	0.6108	-3.169	-0.181	-1.184	-2.472	-3.197	-3.817	-4.678	-5.369	-5.466	0.4783	0.5342	23.3	1	-10.986	-0.001	3.0756711960	8
	0.000391	10.0792	0.8088742495	0.7451	3.1774	3.6311	0.6090	-3.174	-0.180	-1.185	-2.475	-3.201	-3.821	-4.683	-5.374	-5.472	0.4779	0.5341	23.4	1	-10.972	-0.002	3.0756711960	8
	0.000391	10.0792	0.8088742495	0.7459	3.1791	3.6309	0.6072	-3.178	-0.178	-1.187	-2.478	-3.204	-3.825	-4.688	-5.379	-5.477	0.4776	0.5340	23.4	1	-10.958	-0.002	3.0756711960	8
	0.000391	10.0792	0.8088742495	0.7467	3.1808	3.6308	0.6055	-3.182	-0.176	-1.188	-2.481	-3.208	-3.829	-4.692	-5.384	-5.482	0.4772	0.5339	23.5	1	-10.944	-0.003	3.0756711960	8
	0.000391	10.0792	0.8088742495	0.7476	3.1824	3.6306	0.6037	-3.186	-0.175	-1.189	-2.483	-3.211	-3.833	-4.697	-5.389	-5.487	0.4768	0.5339	23.6	1	-10.929	-0.004	3.0756711960	8
	0.000391	10.0792	0.8088742495	0.7484	3.1841	3.6305	0.6020	-3.190	-0.173	-1.191	-2.486	-3.215	-3.837	-4.701	-5.394	-5.492	0.4764	0.5338	23.7	1	-10.915	-0.005	3.0756711960	8
	0.000391	10.0792	0.8088742495	0.7493	3.1858	3.6303	0.6002	-3.194	-0.172	-1.192	-2.489	-3.218	-3.841	-4.706	-5.399	-5.497	0.4761	0.5337	23.8	1	-10.901	-0.005	3.0756711960	8
	0.000391	10.0792	0.8088742495	0.7501	3.1874	3.6302	0.5984	-3.199	-0.170	-1.194	-2.492	-3.222	-3.845	-4.711	-5.404	-5.502	0.4757	0.5336	23.9	1	-10.887	-0.006	3.0756711960	8
	0.000391	10.0792	0.8088742495	0.7509	3.1891	3.6300	0.5967	-3.203	-0.168	-1.195	-2.495	-3.226	-3.849	-4.715	-5.409	-5.507	0.4753	0.5336	23.9	1	-10.873	-0.007	3.0756711960	8
	0.000391	10.0792	0.8088742495	0.7518	3.1908	3.6299	0.5949	-3.207	-0.166	-1.196	-2.498	-3.229	-3.853	-4.720	-5.414	-5.512	0.4749	0.5335	24.0	1	-10.858	-0.008	3.0756711960	8
	0.000391	10.0792	0.8088742495	0.7526	3.1924	3.6298	0.5931	-3.211	-0.165	-1.197	-2.501	-3.233	-3.857	-4.724	-5.419	-5.517	0.4745	0.5334	24.1	1	-10.844	-0.009	3.0756711960	8
	0.000391	10.0792	0.8088742495	0.7534	3.1941	3.6296	0.5914	-3.215	-0.163	-1.199	-2.503	-3.236	-3.861	-4.729	-5.424	-5.522	0.4742	0.5334	24.2	1	-10.830	-0.009	3.0756711960	8
	0.000391	10.0792	0.8088742495	0.7543	3.1958	3.6295	0.5896	-3.219	-0.161	-1.200	-2.506	-3.240	-3.865	-4.734	-5.429	-5.527	0.4738	0.5333	24.3	1	-10.816	-0.010	3.0756711960	8
	0.000391	10.0792	0.8088743091	0.7551	3.1974	3.6293	0.5878	-3.224	-0.159	-1.201	-2.509	-3.243	-3.869	-4.738	-5.434	-5.532	0.4734	0.5332	24.4	1	-10.802	-0.011	3.0756711960	8
	0.000391	10.0792	0.8088743091	0.7559	3.1991	3.6292	0.5861	-3.228	-0.157	-1.202	-2.512	-3.246	-3.873	-4.743	-5.439	-5.538	0.4730	0.5331	24.4	1	-10.788	-0.012	3.0756711960	8
	0.000391	10.0792	0.8088743091	0.7568	3.2008	3.6290	0.5843	-3.232	-0.156	-1.204	-2.514	-3.250	-3.877	-4.747	-5.444	-5.543	0.4727	0.5331	24.5	1	-10.773	-0.012	3.0756711960	8
	0.000391	10.0792	0.8088743091	0.7576	3.2024	3.6289	0.5825	-3.236	-0.154	-1.205	-2.517	-3.253	-3.881	-4.752	-5.449	-5.548	0.4723	0.5330	24.6	1	-10.759	-0.013	3.0756711960	8
	0.000391	10.0792	0.8088743091	0.7585	3.2041	3.6287	0.5808	-3.240	-0.152	-1.206	-2.520	-3.257	-3.885	-4.756	-5.454	-5.553	0.4719	0.5329	24.7	1	-10.745	-0.014	3.0756711960	8
	0.000391	10.0792	0.8088743091	0.7593	3.2058	3.6286	0.5790	-3.244	-0.150	-1.207	-2.523	-3.260	-3.889	-4.761	-5.459	-5.558	0.4715	0.5328	24.8	1	-10.731	-0.015	3.0756711960	8
	0.000391	10.0792	0.8088743091	0.7601	3.2074	3.6284	0.5772	-3.249	-0.148	-1.209	-2.525	-3.264	-3.893	-4.766	-5.464	-5.563	0.4712	0.5328	24.9	1	-10.717	-0.016	3.0756711960	8
	0.000391	10.0792	0.8088743091	0.7610	3.2091	3.6283	0.5755	-3.253	-0.146	-1.210	-2.528	-3.267	-3.897	-4.770	-5.469	-5.568	0.4708	0.5327	25.0	1	-10.703	-0.016	3.0756711960	8
	0.000391	10.0792	0.8088743091	0.7618	3.2108	3.6282	0.5737	-3.257	-0.145	-1.211	-2.531	-3.271	-3.901	-4.775	-5.474	-5.573	0.4704	0.5326	25.0	1	-10.689	-0.017	3.0756711960	8
	0.000391	10.0792	0.8088743091	0.7626	3.2124	3.6280	0.5719	-3.261	-0.143	-1.212	-2.534	-3.274	-3.905	-4.779	-5.479	-5.578	0.4700	0.5325	25.1	1	-10.675	-0.018	3.0756711960	8
	0.000391	10.0792	0.8088743091	0.7635	3.2141	3.6279	0.5702	-3.265	-0.141	-1.213	-2.536	-3.278	-3.909	-4.784	-5.484	-5.583	0.4696	0.5325	25.2	1	-10.661	-0.019	3.0756711960	8
	0.000391	10.0792	0.8088743091	0.7643	3.2158	3.6277	0.5684	-3.269	-0.139	-1.215	-2.539	-3.281	-3.913	-4.788	-5.489	-5.588	0.4693	0.5324	25.3	1	-10.647	-0.019	3.0756711960	8
	0.000391	10.0792	0.8088743091	0.7651	3.2174	3.6276	0.5666	-3.274	-0.137	-1.216	-2.542	-3.285	-3.917	-4.793	-5.494	-5.593	0.4689	0.5323	25.4	1	-10.633	-0.020	3.0756711960	8
	0.000391	10.0792	0.8088743687	0.7666	3.2235	3.6270	0.5593	-3.289	-0.129	-1.220	-2.552	-3.297	-3.931	-4.810	-5.512	-5.612	0.4680	0.5324	25.7	1	-10.580	-0.023	3.0756711960	8
	0.000391	10.0792	0.8088744283	0.7680	3.2296	3.6265	0.5519	-3.304	-0.122	-1.224	-2.562	-3.310	-3.945	-4.826	-5.531	-5.630	0.4672	0.5324	26.1	1	-10.527	-0.025	3.0756711960	8
	0.000391	10.0792	0.8088744283	0.7695	3.2356	3.6260	0.5446	-3.319	-0.114	-1.228	-2.572	-3.323	-3.960	-4.843	-5.549	-5.649	0.4664	0.5324	26.5	1	-10.474	-0.027	3.0756711960	8
	0.000391	10.0792	0.8088744879	0.7710	3.2417	3.6255	0.5372	-3.334	-0.106	-1.232	-2.582	-3.336	-3.974	-4.860	-5.567	-5.667	0.4655	0.5325	26.8	1	-10.422	-0.030	3.0756711960	8
	0.000391	10.0792	0.8088745475	0.7724	3.2478	3.6250	0.5299	-3.349	-0.098	-1.236	-2.592	-3.348	-3.989	-4.877	-5.585	-5.685	0.4647	0.5325	27.2	1	-10.369	-0.032	3.0756711960	8
	0.000391	10.0792	0.8088746071	0.7739	3.2538	3.6244	0.5226	-3.365	-0.090	-1.240	-2.602	-3.361	-4.003	-4.893	-5.603	-5.704	0.4638	0.5325	27.6	1	-10.317	-0.035	3.0756711960	8
	0.000391	10.0792	0.8088746667	0.7753	3.2599	3.6239	0.5152	-3.380	-0.082	-1.244	-2.612	-3.374	-4.018	-4.910	-5.622	-5.722	0.4630	0.5326	28.0	1	-10.265	-0.037	3.0756711960	8
	0.000391	10.0792	0.8088746667	0.7768	3.2660	3.6234	0.5079	-3.395	-0.073	-1.248	-2.622	-3.386	-4.032	-4.927	-5.640	-5.741	0.4622	0.5326	28.3	1	-10.213	-0.040	3.0756711960	8
	0.000391	10.0792	0.8088747263	0.7782	3.2721	3.6229	0.5005	-3.410	-0.065	-1.252	-2.632	-3.399	-4.047	-4.943	-5.658	-5.759	0.4613	0.5326	28.7	1	-10.161	-0.042	3.0756711960	8
	0.000391	10.0792	0.8088747859	0.7797	3.2781	3.6223	0.4932	-3.425	-0.059	-1.257	-2.641	-3.411	-4.061	-4.960	-5.676	-5.778	0.4605	0.5327	29.1	1	-10.109	-0.045	3.0756714344	8
	0.000391	10.0792	0.8088748455	0.7811	3.2842	3.6218	0.4858	-3.440	-0.054	-1.261	-2.651	-3.424	-4.075	-4.977	-5.694	-5.796	0.4596	0.5327	29.5	1	-10.058	-0.047	3.0756714344	8
	0.000391	10.0792	0.8088749051	0.7826	3.2903	3.6213	0.4785	-3.456	-0.049	-1.266	-2.661	-3.436	-4.089	-4.993	-5.713	-5.815	0.4588	0.5328	29.9	1	-10.007	-0.049	3.0756714344	8
	0.000391	10.0792	0.8088749647	0.7840	3.2963	3.6208	0.4711	-3.471	-0.044	-1.271	-2.671	-3.449	-4.104	-5.010	-5.731	-5.833	0.4580	0.5328	30.4	1	-9.955	-0.052	3.0756714344	8
	0.000391	10.0792	0.8088749647	0.7855	3.3024	3.6203	0.4637	-3.486	-0.038	-1.275	-2.680	-3.461	-4.118	-5.026	-5.749	-5.852	0.4571	0.5328	30.8	1	-9.904	-0.054	3.0756714344	8
	0.000391	10.0792	0.8088750243	0.7869	3.3085	3.6197	0.4564	-3.501	-0.033	-1.280	-2.690	-3.473	-4.132	-5.043	-5.767	-5.870	0.4563	0.5329	31.2	1	-9.854	-0.057	3.0756714344	8
	0.000391	10.0792	0.8088750839	0.7884	3.3145	3.6192	0.4490	-3.516	-0.028	-1.284	-2.699	-3.485	-4.146	-5.059	-5.785	-5.888	0.4554	0.5329	31.7	1	-9.803	-0.059	3.0756714344	8
	0.000391	10.0792	0.8088751435	0.7898	3.3206	3.6187	0.4417	-3.532	-0.022	-1.289	-2.709	-3.497	-4.160	-5.076	-5.803	-5.907	0.4546	0.5329	32.1	1	-9.753	-0.062	3.0756714344	8
	0.000391	10.0792	0.8088752031	0.7913	3.3267	3.6182	0.4343	-3.547	-0.017	-1.293	-2.718	-3.509	-4.174	-5.092	-5.821	-5.925	0.4538	0.5330	32.5	1	-9.702	-0.064	3.0756714344	8
	0.000391	10.0792	0.8088752031	0.7927	3.3328	3.6176	0.4269	-3.562	-0.012	-1.297	-2.727	-3.522	-4.188	-5.108	-5.840	-5.944	0.4529	0.5330	33.0	1	-9.652	-0.066	3.0756714344	8
	0.000391	10.0792	0.8088752627	0.7942	3.3388	3.6171	0.4196	-3.577	-0.006	-1.302	-2.737	-3.534	-4.202	-5.125	-5.858	-5.962	0.4521	0.5330	33.5	1	-9.603	-0.069	3.0756714344	8
	0.000391	10.0792	0.8088753223	0.7956	3.3449	3.6166	0.4122	-3.592	-0.001	-1.306	-2.746	-3.546	-4.216	-5.141	-5.876	-5.981	0.4512	0.5331	33.9	1	-9.553	-0.071	3.0756716728	8
	0.000391	10.0792	0.8088753819	0.7971	3.3510	3.6161	0.4048	-3.607	0.005	-1.310	-2.755	-3.558	-4.229	-5.158	-5.894	-5.999	0.4504	0.5331	34.4	1	-9.504	-0.074	3.0756716728	8
	0.000391	10.0792	0.8088754416	0.7985	3.3570	3.6156	0.3975	-3.623	0.011	-1.314	-2.764	-3.570	-4.243	-5.174	-5.912	-6.018	0.4496	0.5332	34.9	1	-9.455	-0.076	3.0756716728	8
	0.000391	10.0792	0.8088754416	0.8000	3.3631	3.6150	0.3901	-3.638	0.016	-1.319	-2.774	-3.582	-4.257	-5.190	-5.930	-6.036	0.4487	0.5332	35.4	1	-9.406	-0.079	3.0756716728	8
	0.000391	10.0792	0.8088755012	0.8014	3.3692	3.6145	0.3827	-3.653	0.022	-1.323	-2.783	-3.594	-4.271	-5.207	-5.948	-6.055	0.4479	0.5332	35.9	1	-9.357	-0.081	3.0756716728	8
	0.000391	10.0792	0.8088755608	0.8029	3.3752	3.6140	0.3753	-3.668	0.028	-1.327	-2.792	-3.606	-4.285	-5.223	-5.967	-6.073	0.4470	0.5333	36.4	1	-9.309	-0.083	3.0756716728	8
	0.000391	10.0792	0.8088758588	0.7930	3.3802	3.6153	0.3705	-3.680	-0.020	-1.360	-2.817	-3.626	-4.302	-5.234	-5.971	-6.077	0.4470	0.5335	36.6	1	-9.286	-0.084	3.0756716728	8
	0.000391	10.0792	0.8088761568	0.7831	3.3851	3.6167	0.3655	-3.693	-0.069	-1.392	-2.842	-3.646	-4.318	-5.244	-5.976	-6.080	0.4470	0.5338	36.8	1	-9.268	-0.084	3.0756719112	8
	0.000391	10.0792	0.8088764548	0.7732	3.3900	3.6181	0.3605	-3.705	-0.117	-1.425	-2.867	-3.666	-4.335	-5.254	-5.980	-6.084	0.4470	0.5341	37.0	1	-9.254	-0.084	3.0756721497	8
	0.000391	10.0792	0.8088766932	0.7633	3.3949	3.6194	0.3554	-3.717	-0.165	-1.458	-2.892	-3.686	-4.351	-5.265	-5.985	-6.087	0.4470	0.5344	37.2	1	-9.243	-0.084	3.0756721497	8
	0.000391	10.0792	0.8088769913	0.7534	3.3998	3.6208	0.3503	-3.730	-0.214	-1.491	-2.917	-3.706	-4.367	-5.275	-5.989	-6.091	0.4470	0.5347	37.5	1	-9.233	-0.084	3.0756721497	8
	0.000391	10.0792	0.8088772893	0.7435	3.4048	3.6221	0.3451	-3.742	-0.263	-1.523	-2.941	-3.726	-4.383	-5.284	-5.993	-6.094	0.4470	0.5349	37.7	1	-9.224	-0.084	3.0756723881	8
	0.000391	10.0792	0.8088775873	0.7337	3.4097	3.6235	0.3398	-3.754	-0.312	-1.556	-2.966	-3.745	-4.399	-5.294	-5.998	-6.098	0.4470	0.5352	37.9	1	-9.216	-0.084	3.0756726265	8
	0.000391	10.0792	0.8088778853	0.7238	3.4146	3.6248	0.3344	-3.767	-0.361	-1.588	-2.990	-3.764	-4.415	-5.304	-6.002	-6.101	0.4470	0.5355	38.2	1	-9.206	-0.084	3.0756726265	8
	0.000391	10.0792	0.8088781834	0.7139	3.4195	3.6262	0.3289	-3.779	-0.410	-1.621	-3.014	-3.784	-4.431	-5.314	-6.006	-6.105	0.4470	0.5358	38.4	1	-9.196	-0.084	3.0756728649	8
	0.000391	10.0792	0.8088784218	0.7040	3.4244	3.6276	0.3234	-3.791	-0.459	-1.654	-3.039	-3.803	-4.447	-5.323	-6.011	-6.108	0.4470	0.5360	38.7	1	-9.183	-0.084	3.0756728649	8
	0.000391	10.0792	0.8088787198	0.6941	3.4294	3.6289	0.3177	-3.803	-0.508	-1.686	-3.063	-3.823	-4.463	-5.333	-6.015	-6.111	0.4470	0.5363	38.9	1	-9.171	-0.084	3.0756731033	8
	0.000391	10.0792	0.8088790178	0.6842	3.4343	3.6303	0.3120	-3.816	-0.557	-1.719	-3.087	-3.842	-4.479	-5.343	-6.019	-6.115	0.4470	0.5366	39.2	1	-9.160	-0.084	3.0756731033	8
	0.000391	10.0792	0.8088793159	0.6743	3.4392	3.6316	0.3062	-3.828	-0.605	-1.751	-3.110	-3.861	-4.494	-5.352	-6.023	-6.118	0.4470	0.5369	39.4	1	-9.149	-0.084	3.0756733418	8
	0.000391	10.0792	0.8088796139	0.6644	3.4441	3.6330	0.3003	-3.840	-0.653	-1.783	-3.134	-3.880	-4.509	-5.362	-6.027	-6.122	0.4470	0.5372	39.7	1	-9.138	-0.085	3.0756733418	8
	0.000391	10.0792	0.8088799119	0.6545	3.4490	3.6344	0.2943	-3.853	-0.701	-1.815	-3.157	-3.898	-4.524	-5.371	-6.031	-6.125	0.4470	0.5374	40.0	1	-9.126	-0.085	3.0756735802	8
	0.000391	10.0792	0.8088802099	0.6447	3.4540	3.6357	0.2882	-3.865	-0.749	-1.847	-3.180	-3.917	-4.540	-5.380	-6.035	-6.129	0.4470	0.5377	40.3	1	-9.114	-0.085	3.0756735802	8
	0.000391	10.0792	0.8088804483	0.6348	3.4589	3.6371	0.2820	-3.877	-0.797	-1.880	-3.203	-3.936	-4.555	-5.390	-6.039	-6.132	0.4470	0.5380	40.6	1	-9.102	-0.085	3.0756738186	8
	0.000391	10.0792	0.8088807464	0.6249	3.4638	3.6384	0.2757	-3.890	-0.845	-1.912	-3.227	-3.955	-4.570	-5.399	-6.044	-6.136	0.4470	0.5383	40.9	1	-9.090	-0.085	3.0756738186	8
	0.000391	10.0792	0.8088810444	0.6150	3.4687	3.6398	0.2693	-3.902	-0.893	-1.944	-3.250	-3.973	-4.585	-5.409	-6.048	-6.139	0.4470	0.5386	41.2	1	-9.077	-0.085	3.0756740570	8
	0.000391	10.0792	0.8088813424	0.6051	3.4736	3.6411	0.2628	-3.914	-0.938	-1.976	-3.273	-3.991	-4.600	-5.418	-6.052	-6.143	0.4470	0.5388	41.5	1	-9.064	-0.085	3.0756740570	8
	0.000391	10.0792	0.8088816404	0.5952	3.4786	3.6425	0.2561	-3.926	-0.984	-2.007	-3.295	-4.009	-4.615	-5.427	-6.056	-6.147	0.4470	0.5391	41.8	1	-9.051	-0.085	3.0756742954	8
	0.000391	10.0792	0.8088819385	0.5853	3.4835	3.6439	0.2494	-3.939	-1.030	-2.039	-3.317	-4.027	-4.629	-5.436	-6.060	-6.151	0.4470	0.5394	42.2	1	-9.038	-0.085	3.0756742954	8
	0.000391	10.0792	0.8088821769	0.5754	3.4884	3.6452	0.2425	-3.951	-1.075	-2.070	-3.340	-4.045	-4.644	-5.445	-6.064	-6.154	0.4470	0.5397	96.1	0	-9.491	-0.085	3.0756745338	8
	0.000391	10.0792	0.8088824749	0.5655	3.4933	3.6466	0.2355	-3.963	-1.121	-2.102	-3.362	-4.063	-4.658	-5.454	-6.068	-6.158	0.4470	0.5399	97.5	0	-9.392	-0.085	3.0756745338	8
	0.000391	10.0792	0.8088827729	0.5557	3.4982	3.6479	0.2283	-3.976	-1.167	-2.133	-3.385	-4.081	-4.673	-5.463	-6.072	-6.162	0.4470	0.5402	99.0	0	-9.290	-0.085	3.0756747723	8
	0.000391	10.0792	0.8088830709	0.5458	3.5032	3.6493	0.2210	-3.988	-1.212	-2.165	-3.407	-4.099	-4.687	-5.472	-6.076	-6.166	0.4470	0.5405	100.5	0	-9.187	-0.085	3.0756747723	8
