# File generated by CMD 2.8 (http://stev.oapd.inaf.it/cmd) on Mon Sep  5 20:35:24 CEST 2016
# isochrones PARSEC release v1.2S + COLIBRI release PR16
# Basic references: Bressan et al. (2012), MNRAS, 427, 127 + Chen et al. (2014, 2015), MNRAS, 444, 2525 + MNRAS, 452, 1068 + Tang et al. (2014), MNRAS, 445, 4287 + Rosenfield et al. (2016, arXiv:1603.05283)
# Photometric system: <i>UBVRIJHK</i> (cf. Maiz-Apellaniz 2006 + Bessell 1990)
# Using NBC version of bolometric corrections as in Chen et al. (2014), MNRAS, 444, 2525
# BCs of Carbon stars derive from Aringer et al. (2009, A&A 503, 913)
# O-rich circumstellar dust ignored
# C-rich circumstellar dust ignored
# IMF: Chabrier (2001) lognormal 
# On RGB, assumed Reimers mass loss with efficiency eta=0.2
# Kind of output: isochrone tables
#	Isochrone  Z = 0.00105	Y = 0.25014	[M/H] = -1.169	eta_R = 0.200	Age = 	1.0000e+10 yr
#      Z	log(age/yr)	M_ini   	M_act	logL/Lo	logTe	logG	mbol    U       B       V       R       I       J       H       K	C/O	M_hec	period	pmode	logMdot	slope	int_IMF	stage
	0.001051	10.0000	0.0900000036	0.0900	-3.2158	3.4552	5.3807	12.809	20.955	18.162	16.148	14.194	12.305	10.794	10.432	10.287	0.4787	0.0000	0.0	1	-18.038	0.000	1.4676543474	1
	0.001051	10.0000	0.0988993347	0.0989	-2.9892	3.4875	5.3243	12.243	18.922	16.638	14.711	13.176	11.655	10.335	9.867	9.702	0.4787	0.0000	0.0	1	-17.997	0.000	1.5595806837	1
	0.001051	10.0000	0.1000000015	0.1000	-2.9626	3.4913	5.3177	12.177	18.691	16.467	14.554	13.059	11.581	10.282	9.803	9.635	0.4787	0.0000	0.0	1	-17.993	0.000	1.5704020262	1
	0.001051	10.0000	0.1199999973	0.1200	-2.6792	3.5241	5.2448	11.468	16.705	14.964	13.212	11.978	10.827	9.680	9.141	8.949	0.4787	0.0000	0.0	1	-17.914	0.000	1.7478251457	1
	0.001051	10.0000	0.1400000006	0.1400	-2.4976	3.5406	5.1960	11.014	15.713	14.170	12.524	11.377	10.356	9.276	8.721	8.521	0.4787	0.0000	0.0	1	-17.847	0.000	1.8958495855	1
	0.001051	10.0000	0.1599999964	0.1600	-2.3587	3.5510	5.1570	10.667	15.054	13.625	12.048	10.949	10.000	8.960	8.397	8.194	0.4787	0.0000	0.0	1	-17.789	0.000	2.0211524963	1
	0.001051	10.0000	0.2000000030	0.2000	-2.1396	3.5653	5.0917	10.119	14.114	12.830	11.344	10.305	9.446	8.455	7.884	7.676	0.4787	0.0000	0.0	1	-17.692	0.000	2.2217822075	1
	0.001051	10.0000	0.2500000000	0.2500	-1.9343	3.5766	5.0284	9.606	13.318	12.136	10.721	9.728	8.928	7.975	7.398	7.190	0.4787	0.0000	0.0	1	-17.573	0.000	2.4080901146	1
	0.001051	10.0000	0.3000000119	0.3000	-1.7761	3.5851	4.9834	9.210	12.724	11.615	10.251	9.292	8.530	7.604	7.024	6.817	0.4787	0.0000	0.0	1	-16.636	0.000	2.5475041866	1
	0.001051	10.0000	0.3499999940	0.3500	-1.6476	3.5922	4.9505	8.889	12.243	11.192	9.870	8.941	8.206	7.302	6.719	6.516	0.4787	0.0000	0.0	1	-15.843	0.000	2.6555202007	1
	0.001051	10.0000	0.4000000060	0.4000	-1.4980	3.6032	4.9028	8.515	11.644	10.669	9.410	8.525	7.828	6.957	6.370	6.178	0.4787	0.0000	0.0	1	-15.157	0.000	2.7413372993	1
	0.001051	10.0000	0.4320054948	0.4320	-1.3835	3.6143	4.8662	8.229	11.144	10.239	9.043	8.201	7.539	6.699	6.107	5.931	0.4787	0.0000	0.0	1	-14.761	0.000	2.7875142097	1
	0.001051	10.0000	0.4499999881	0.4500	-1.3227	3.6202	4.8468	8.077	10.882	10.013	8.849	8.031	7.387	6.562	5.967	5.800	0.4787	0.0000	0.0	1	-14.551	0.000	2.8109800816	1
	0.001051	10.0000	0.5000000000	0.5000	-1.1219	3.6480	4.8029	7.575	9.876	9.177	8.161	7.451	6.887	6.133	5.545	5.417	0.4787	0.0000	0.0	1	-14.010	0.000	2.8684780598	1
	0.001051	10.0000	0.5500000119	0.5499	-0.9059	3.6789	4.7517	7.035	8.747	8.300	7.430	6.839	6.353	5.688	5.156	5.057	0.4787	0.0000	0.0	1	-13.520	0.000	2.9166350365	1
	0.001051	10.0000	0.6000000238	0.5999	-0.7068	3.7066	4.7013	6.537	7.769	7.569	6.805	6.302	5.867	5.293	4.834	4.752	0.4787	0.0000	0.0	1	-13.073	0.000	2.9573988914	1
	0.001051	10.0000	0.6124351621	0.6123	-0.6561	3.7144	4.6906	6.410	7.528	7.388	6.652	6.169	5.747	5.196	4.757	4.678	0.4787	0.0000	0.0	1	-12.967	0.000	2.9665887356	1
	0.001051	10.0000	0.6312860847	0.6311	-0.5794	3.7260	4.6736	6.218	7.180	7.122	6.427	5.971	5.568	5.051	4.639	4.567	0.4787	0.0000	0.0	1	-12.812	0.000	2.9798870087	1
	0.001051	10.0000	0.6486572623	0.6485	-0.5087	3.7366	4.6569	6.042	6.879	6.885	6.227	5.792	5.406	4.918	4.528	4.461	0.4787	0.0000	0.0	1	-12.672	0.000	2.9914963245	1
	0.001051	10.0000	0.6499999762	0.6498	-0.5032	3.7374	4.6555	6.028	6.856	6.867	6.211	5.778	5.393	4.907	4.519	4.453	0.4787	0.0000	0.0	1	-12.662	0.000	2.9923686981	1
	0.001051	10.0000	0.6538161039	0.6536	-0.4878	3.7395	4.6510	5.990	6.794	6.817	6.168	5.740	5.357	4.877	4.494	4.428	0.4787	0.0000	0.0	1	-12.632	0.000	2.9948289394	1
	0.001051	10.0000	0.6703637242	0.6702	-0.4204	3.7484	4.6301	5.821	6.532	6.601	5.985	5.573	5.205	4.747	4.382	4.322	0.4787	0.0000	0.0	1	-12.503	0.000	3.0051825047	1
	0.001051	10.0000	0.6857274175	0.6855	-0.3574	3.7564	4.6090	5.663	6.297	6.402	5.816	5.420	5.064	4.627	4.276	4.220	0.4787	0.0000	0.0	1	-12.387	0.000	3.0143613815	1
	0.001051	10.0000	0.6998596787	0.6996	-0.2988	3.7635	4.5878	5.517	6.087	6.221	5.660	5.278	4.933	4.514	4.175	4.124	0.4787	0.0000	0.0	1	-12.282	0.000	3.0224592686	1
	0.001051	10.0000	0.6999999881	0.6997	-0.2982	3.7636	4.5876	5.516	6.085	6.219	5.659	5.277	4.932	4.512	4.174	4.123	0.4787	0.0000	0.0	1	-12.281	0.000	3.0225379467	1
	0.001051	10.0000	0.7104112506	0.7101	-0.2540	3.7686	4.5698	5.405	5.934	6.086	5.543	5.170	4.833	4.425	4.096	4.048	0.4787	0.0000	0.0	1	-12.209	0.000	3.0283017159	1
	0.001051	10.0000	0.7207487822	0.7204	-0.2094	3.7734	4.5506	5.294	5.786	5.953	5.427	5.064	4.734	4.338	4.017	3.972	0.4787	0.0000	0.0	1	-12.136	0.000	3.0338644981	1
	0.001051	10.0000	0.7305152416	0.7302	-0.1666	3.7778	4.5310	5.186	5.646	5.827	5.316	4.962	4.639	4.254	3.941	3.899	0.4787	0.0000	0.0	1	-12.066	0.000	3.0389800072	1
	0.001051	10.0000	0.7398108244	0.7394	-0.1248	3.7818	4.5107	5.082	5.514	5.704	5.209	4.864	4.548	4.171	3.864	3.825	0.4787	0.0000	0.0	1	-12.000	0.000	3.0437269211	1
	0.001051	10.0000	0.7488338947	0.7484	-0.0832	3.7855	4.4894	4.978	5.388	5.584	5.102	4.767	4.457	4.087	3.783	3.748	0.4787	0.0000	0.0	1	-11.936	0.000	3.0482254028	1
	0.001051	10.0000	0.7500000000	0.7496	-0.0778	3.7860	4.4866	4.964	5.371	5.568	5.089	4.755	4.445	4.076	3.772	3.738	0.4787	0.0000	0.0	1	-11.927	0.000	3.0487992764	1
	0.001051	10.0000	0.7528771162	0.7524	-0.0645	3.7870	4.4790	4.931	5.332	5.530	5.054	4.723	4.416	4.048	3.745	3.712	0.4787	0.0000	0.0	1	-11.907	0.000	3.0502073765	1
	0.001051	10.0000	0.7625052929	0.7620	-0.0183	3.7904	4.4519	4.816	5.197	5.399	4.936	4.614	4.312	3.950	3.651	3.621	0.4787	0.0000	0.0	1	-11.841	0.000	3.0548448563	1
	0.001051	10.0000	0.7715736628	0.7711	0.0270	3.7935	4.4242	4.703	5.070	5.272	4.821	4.505	4.209	3.853	3.558	3.531	0.4787	0.0000	0.0	1	-11.781	0.000	3.0591099262	1
	0.001051	10.0000	0.7801366448	0.7796	0.0716	3.7964	4.3959	4.591	4.945	5.148	4.707	4.397	4.106	3.756	3.465	3.441	0.4787	0.0000	0.0	1	-11.728	0.000	3.0630490780	1
	0.001051	10.0000	0.7878245115	0.7872	0.1137	3.7989	4.3681	4.486	4.829	5.031	4.599	4.295	4.009	3.663	3.376	3.354	0.4787	0.0000	0.0	1	-11.683	0.000	3.0665149689	1
	0.001051	10.0000	0.7983193398	0.7976	0.1744	3.8021	4.3260	4.334	4.666	4.865	4.444	4.147	3.866	3.527	3.246	3.226	0.4787	0.0000	0.0	1	-11.627	0.000	3.0711410046	1
	0.001051	10.0000	0.8000000119	0.7993	0.1846	3.8026	4.3185	4.308	4.639	4.837	4.418	4.122	3.842	3.504	3.224	3.204	0.4787	0.0000	0.0	1	-11.619	0.000	3.0718705654	1
	0.001051	10.0000	0.8077607751	0.8070	0.2319	3.8049	4.2845	4.190	4.515	4.709	4.298	4.006	3.729	3.397	3.122	3.102	0.4787	0.0000	0.0	1	-11.585	0.000	3.0751988888	1
	0.001051	10.0000	0.8169851899	0.8161	0.2917	3.8070	4.2379	4.041	4.360	4.549	4.145	3.858	3.585	3.258	2.987	2.968	0.4787	0.0000	0.0	1	-11.551	0.000	3.0790708065	1
	0.001051	10.0000	0.8245310187	0.8236	0.3449	3.8081	4.1932	3.908	4.225	4.410	4.010	3.725	3.455	3.130	2.862	2.844	0.4787	0.0000	0.0	1	-11.530	0.000	3.0821719170	1
	0.001051	10.0000	0.8265448809	0.8256	0.3598	3.8083	4.1801	3.871	4.188	4.371	3.972	3.688	3.418	3.094	2.826	2.808	0.4787	0.0000	0.0	1	-11.526	0.000	3.0829896927	1
	0.001051	10.0000	0.8323948979	0.8314	0.4065	3.8080	4.1351	3.754	4.075	4.253	3.854	3.570	3.300	2.975	2.707	2.689	0.4787	0.0000	0.1	1	-11.515	0.000	3.0853426456	1
	0.001051	10.0000	0.8389344811	0.8378	0.4651	3.8056	4.0703	3.607	3.940	4.112	3.708	3.420	3.147	2.816	2.544	2.525	0.4787	0.0000	0.1	1	-11.509	0.000	3.0879328251	1
	0.001051	10.0000	0.8423091173	0.8411	0.4991	3.8031	4.0282	3.522	3.865	4.034	3.624	3.333	3.056	2.719	2.442	2.422	0.4787	0.0000	0.1	1	-11.508	0.000	3.0892534256	2
	0.001051	10.0000	0.8440890908	0.8429	0.5188	3.8011	4.0012	3.473	3.823	3.991	3.577	3.281	3.001	2.659	2.379	2.358	0.4787	0.0000	0.1	1	-11.508	0.000	3.0899455547	2
	0.001051	10.0000	0.8475766778	0.8463	0.5616	3.7947	3.9347	3.366	3.746	3.908	3.474	3.166	2.876	2.521	2.230	2.205	0.4787	0.0000	0.1	1	-11.509	0.000	3.0912930965	2
	0.001051	10.0000	0.8500000238	0.8486	0.5950	3.7870	3.8718	3.282	3.699	3.857	3.398	3.073	2.771	2.399	2.097	2.066	0.4787	0.0000	0.1	1	-11.511	0.000	3.0922229290	2
	0.001051	10.0000	0.8517816067	0.8504	0.6203	3.7786	3.8138	3.219	3.680	3.833	3.346	3.001	2.685	2.295	1.981	1.942	0.4787	0.0000	0.1	1	-11.513	0.000	3.0929028988	2
	0.001051	10.0000	0.8534765244	0.8520	0.6430	3.7681	3.7499	3.162	3.687	3.822	3.301	2.937	2.604	2.188	1.853	1.808	0.4787	0.0000	0.1	1	-11.515	0.000	3.0935471058	2
	0.001051	10.0000	0.8546836376	0.8532	0.6607	3.7585	3.6944	3.118	3.710	3.823	3.270	2.888	2.540	2.100	1.746	1.696	0.4787	0.0000	0.1	1	-11.517	0.000	3.0940043926	2
	0.001051	10.0000	0.8557866812	0.8542	0.6877	3.7495	3.6319	3.051	3.709	3.799	3.216	2.818	2.456	1.994	1.621	1.567	0.4787	0.0000	0.1	1	-11.519	0.000	3.0944211483	2
	0.001051	10.0000	0.8566449285	0.8551	0.7222	3.7436	3.5740	2.964	3.672	3.743	3.141	2.732	2.360	1.882	1.497	1.440	0.4787	0.0000	0.1	1	-11.520	0.000	3.0947444439	2
	0.001051	10.0000	0.8574689627	0.8558	0.7669	3.7390	3.5114	2.853	3.598	3.655	3.038	2.621	2.242	1.752	1.356	1.296	0.4787	0.0000	0.1	1	-11.522	0.000	3.0950543880	3
	0.001051	10.0000	0.8581195474	0.8564	0.8094	3.7362	3.4580	2.746	3.517	3.564	2.937	2.516	2.133	1.634	1.231	1.170	0.4787	0.0000	0.2	1	-11.523	0.000	3.0952987671	3
	0.001051	10.0000	0.8587532043	0.8570	0.8554	3.7337	3.4025	2.631	3.425	3.463	2.827	2.402	2.015	1.508	1.099	1.038	0.4787	0.0000	0.2	1	-11.524	0.000	3.0955362320	3
	0.001051	10.0000	0.8593512177	0.8576	0.9029	3.7318	3.3474	2.513	3.324	3.354	2.713	2.284	1.894	1.381	0.967	0.905	0.4787	0.0000	0.2	1	-11.525	0.000	3.0957601070	3
	0.001051	10.0000	0.8599083424	0.8581	0.9508	3.7299	3.2924	2.393	3.221	3.245	2.597	2.166	1.772	1.254	0.834	0.772	0.4787	0.0000	0.2	1	-11.527	0.000	3.0959682465	3
	0.001051	10.0000	0.8604274392	0.8585	0.9990	3.7283	3.2378	2.272	3.118	3.133	2.481	2.046	1.650	1.126	0.702	0.640	0.4787	0.0000	0.2	1	-11.528	0.000	3.0961620808	3
	0.001051	10.0000	0.8608304262	0.8589	1.0393	3.7270	3.1927	2.172	3.029	3.040	2.384	1.947	1.549	1.020	0.593	0.530	0.4787	0.0000	0.3	1	-11.529	0.000	3.0963122845	3
	0.001051	10.0000	0.8612796664	0.8593	1.0873	3.7255	3.1386	2.052	2.924	2.929	2.267	1.828	1.428	0.894	0.462	0.399	0.4787	0.0000	0.3	1	-11.530	0.000	3.0964796543	3
	0.001051	10.0000	0.8617204428	0.8596	1.1385	3.7238	3.0809	1.924	2.812	2.810	2.144	1.701	1.298	0.759	0.322	0.259	0.4787	0.0000	0.3	1	-11.531	0.000	3.0966436863	3
	0.001051	10.0000	0.8621198535	0.8599	1.1894	3.7221	3.0236	1.796	2.701	2.692	2.021	1.575	1.170	0.625	0.184	0.120	0.4787	0.0000	0.3	1	-11.532	0.000	3.0967922211	3
	0.001051	10.0000	0.8624636531	0.8602	1.2374	3.7205	2.9692	1.677	2.597	2.582	1.905	1.457	1.049	0.499	0.053	-0.012	0.4787	0.0000	0.4	1	-11.532	0.000	3.0969200134	3
	0.001051	10.0000	0.8627918959	0.8604	1.2873	3.7187	2.9123	1.552	2.493	2.469	1.785	1.333	0.922	0.367	-0.084	-0.150	0.4787	0.0000	0.4	1	-11.533	0.000	3.0970416069	3
	0.001051	10.0000	0.8630879521	0.8606	1.3365	3.7170	2.8562	1.429	2.390	2.357	1.667	1.212	0.798	0.237	-0.220	-0.285	0.4787	0.0000	0.5	1	-11.534	0.000	3.0971515179	3
	0.001051	10.0000	0.8633517027	0.8607	1.3842	3.7152	2.8012	1.309	2.292	2.250	1.553	1.094	0.677	0.110	-0.352	-0.418	0.4787	0.0000	0.5	1	-11.534	0.000	3.0972492695	3
	0.001051	10.0000	0.8635898829	0.8608	1.4312	3.7133	2.7468	1.192	2.195	2.145	1.440	0.978	0.558	-0.015	-0.482	-0.549	0.4787	0.0000	0.6	1	-11.535	0.000	3.0973374844	3
	0.001051	10.0000	0.8638096452	0.8609	1.4787	3.7115	2.6922	1.073	2.097	2.039	1.327	0.862	0.438	-0.141	-0.613	-0.681	0.4787	0.0000	0.6	1	-11.535	0.000	3.0974187851	3
	0.001051	10.0000	0.8640084267	0.8609	1.5254	3.7094	2.6374	0.957	2.003	1.936	1.217	0.747	0.320	-0.266	-0.744	-0.812	0.4787	0.0000	0.7	1	-11.536	0.000	3.0974924564	3
	0.001051	10.0000	0.8641844392	0.8609	1.5704	3.7075	2.5848	0.844	1.914	1.838	1.110	0.637	0.206	-0.385	-0.870	-0.938	0.4787	0.0000	0.7	1	-11.536	0.000	3.0975575447	3
	0.001051	10.0000	0.8643495440	0.8609	1.6161	3.7055	2.5310	0.730	1.824	1.738	1.003	0.526	0.091	-0.507	-0.998	-1.067	0.4787	0.0000	0.8	1	-11.536	0.000	3.0976185799	3
	0.001051	10.0000	0.8645017147	0.8608	1.6620	3.7035	2.4768	0.615	1.737	1.639	0.895	0.413	-0.025	-0.630	-1.126	-1.196	0.4787	0.0000	0.9	1	-11.537	0.000	3.0976748466	3
	0.001051	10.0000	0.8646401167	0.8608	1.7074	3.7014	2.4231	0.502	1.653	1.541	0.787	0.301	-0.140	-0.752	-1.253	-1.324	0.4787	0.0000	1.0	1	-11.537	0.000	3.0977258682	3
	0.001051	10.0000	0.8647579551	0.8607	1.7493	3.6993	2.3729	0.397	1.579	1.453	0.689	0.198	-0.247	-0.865	-1.371	-1.442	0.4787	0.0000	1.1	1	-11.537	0.000	3.0977694988	3
	0.001051	10.0000	0.8648731112	0.8605	1.7934	3.6972	2.3203	0.287	1.502	1.360	0.586	0.091	-0.359	-0.983	-1.495	-1.567	0.4787	0.0000	1.2	1	-11.537	0.000	3.0978119373	3
	0.001051	10.0000	0.8649783731	0.8604	1.8365	3.6950	2.2683	0.179	1.427	1.271	0.486	-0.015	-0.468	-1.100	-1.618	-1.690	0.4787	0.0000	1.3	1	-11.537	0.000	3.0978507996	3
	0.001051	10.0000	0.8650763631	0.8602	1.8792	3.6928	2.2167	0.072	1.355	1.183	0.387	-0.119	-0.577	-1.215	-1.739	-1.812	0.4787	0.0000	1.4	1	-11.538	0.000	3.0978870392	3
	0.001051	10.0000	0.8651677370	0.8599	1.9206	3.6907	2.1667	-0.031	1.284	1.098	0.291	-0.219	-0.681	-1.327	-1.857	-1.930	0.4787	0.0000	1.5	1	-11.538	0.000	3.0979206562	3
	0.001051	10.0000	0.8652631640	0.8597	1.9607	3.6885	2.1177	-0.132	1.219	1.017	0.199	-0.316	-0.782	-1.435	-1.972	-2.046	0.4787	0.0000	1.7	1	-11.538	0.000	3.0979559422	3
	0.001051	10.0000	0.8653516173	0.8593	1.9835	3.6875	2.0907	-0.189	1.180	0.971	0.146	-0.371	-0.839	-1.496	-2.036	-2.110	0.4787	0.0000	1.7	1	-11.538	0.000	3.0979883671	3
	0.001051	10.0000	0.8654221892	0.8591	1.9633	3.6890	2.1166	-0.138	1.207	1.008	0.191	-0.323	-0.789	-1.440	-1.975	-2.049	0.4787	0.0000	1.7	1	-11.536	0.000	3.0980145931	3
	0.001051	10.0000	0.8654469252	0.8590	1.9522	3.6897	2.1306	-0.111	1.222	1.028	0.215	-0.297	-0.761	-1.410	-1.942	-2.016	0.4787	0.0000	1.6	1	-11.536	0.000	3.0980236530	3
	0.001051	10.0000	0.8654976487	0.8588	1.9830	3.6880	2.0931	-0.187	1.173	0.967	0.145	-0.371	-0.838	-1.492	-2.031	-2.105	0.4787	0.0000	1.7	1	-11.536	0.000	3.0980422497	3
	0.001051	10.0000	0.8655658960	0.8586	2.0248	3.6857	2.0419	-0.292	1.107	0.884	0.050	-0.471	-0.943	-1.605	-2.151	-2.226	0.4787	0.0000	1.9	1	-11.537	0.000	3.0980675220	3
	0.001051	10.0000	0.8656302691	0.8582	2.0662	3.6834	1.9909	-0.396	1.044	0.803	-0.043	-0.570	-1.046	-1.717	-2.271	-2.347	0.4787	0.0000	2.1	1	-11.537	0.000	3.0980911255	3
	0.001051	10.0000	0.8656907082	0.8579	2.1080	3.6810	1.9395	-0.500	0.985	0.723	-0.138	-0.670	-1.151	-1.831	-2.393	-2.469	0.4787	0.0000	2.3	1	-11.537	0.000	3.0981135368	3
	0.001051	10.0000	0.8657454848	0.8575	2.1487	3.6786	1.8888	-0.602	0.933	0.647	-0.228	-0.767	-1.253	-1.942	-2.512	-2.589	0.4787	0.0000	2.5	1	-11.538	0.000	3.0981335640	3
	0.001051	10.0000	0.8657972217	0.8571	2.1902	3.6761	1.8374	-0.705	0.880	0.570	-0.320	-0.866	-1.357	-2.055	-2.632	-2.710	0.4787	0.0000	2.7	1	-11.539	0.000	3.0981526375	3
	0.001051	10.0000	0.8658433557	0.8566	2.2301	3.6736	1.7872	-0.805	0.832	0.498	-0.408	-0.960	-1.457	-2.164	-2.749	-2.827	0.4787	0.0000	2.9	1	-11.539	0.000	3.0981698036	3
	0.001051	10.0000	0.8658862710	0.8561	2.2702	3.6712	1.7372	-0.906	0.783	0.425	-0.496	-1.056	-1.557	-2.273	-2.865	-2.945	0.4787	0.0000	3.2	1	-11.540	0.000	3.0981855392	3
	0.001051	10.0000	0.8659248948	0.8556	2.3089	3.6687	1.6881	-1.002	0.741	0.357	-0.579	-1.147	-1.654	-2.378	-2.979	-3.059	0.4787	0.0000	3.5	1	-11.541	0.000	3.0981996059	3
	0.001051	10.0000	0.8659624457	0.8550	2.3492	3.6662	1.6374	-1.103	0.697	0.286	-0.666	-1.241	-1.754	-2.488	-3.096	-3.177	0.4787	0.0000	3.8	1	-11.543	0.000	3.0982134342	3
	0.001051	10.0000	0.8660033941	0.8542	2.3968	3.6630	1.5766	-1.222	0.651	0.206	-0.767	-1.352	-1.872	-2.617	-3.236	-3.318	0.4787	0.0000	4.2	1	-11.545	0.000	3.0982286930	3
	0.001051	10.0000	0.8660413027	0.8533	2.4448	3.6598	1.5154	-1.342	0.605	0.125	-0.868	-1.463	-1.991	-2.748	-3.378	-3.460	0.4787	0.0000	4.7	1	-11.547	0.000	3.0982425213	3
	0.001051	10.0000	0.8660764694	0.8524	2.4930	3.6565	1.4537	-1.463	0.561	0.045	-0.968	-1.574	-2.109	-2.878	-3.520	-3.603	0.4787	0.0000	5.2	1	-11.550	0.000	3.0982556343	3
	0.001051	10.0000	0.8661071658	0.8513	2.5387	3.6533	1.3946	-1.577	0.524	-0.029	-1.062	-1.677	-2.221	-3.003	-3.655	-3.740	0.4787	0.0000	5.8	1	-11.554	0.000	3.0982668400	3
	0.001051	10.0000	0.8661364317	0.8501	2.5858	3.6501	1.3339	-1.695	0.485	-0.106	-1.159	-1.784	-2.336	-3.130	-3.794	-3.880	0.4787	0.0000	6.4	1	-11.558	0.000	3.0982775688	3
	0.001051	10.0000	0.8661633730	0.8489	2.6328	3.6467	1.2730	-1.812	0.452	-0.179	-1.252	-1.889	-2.449	-3.257	-3.932	-4.020	0.4787	0.0000	7.5	1	-11.564	0.000	3.0982875824	3
	0.001051	10.0000	0.8661874533	0.8475	2.6781	3.6434	1.2138	-1.925	0.424	-0.247	-1.342	-1.990	-2.558	-3.379	-4.066	-4.155	0.4787	0.0000	8.3	1	-11.570	0.000	3.0982964039	3
	0.001051	10.0000	0.8662098646	0.8459	2.7237	3.6402	1.1542	-2.039	0.394	-0.317	-1.433	-2.092	-2.668	-3.502	-4.201	-4.292	0.4787	0.0000	9.2	1	-11.578	0.000	3.0983045101	3
	0.001051	10.0000	0.8662309051	0.8442	2.7699	3.6368	1.0936	-2.155	0.371	-0.384	-1.521	-2.193	-2.779	-3.626	-4.337	-4.430	0.4787	0.0000	10.2	1	-11.588	0.000	3.0983123779	3
	0.001051	10.0000	0.8662493229	0.8424	2.8133	3.6334	1.0358	-2.263	0.353	-0.445	-1.603	-2.288	-2.882	-3.743	-4.466	-4.560	0.4787	0.0000	11.3	1	-11.599	0.000	3.0983190536	3
	0.001051	10.0000	0.8662669063	0.8404	2.8579	3.6301	0.9768	-2.375	0.353	-0.501	-1.688	-2.386	-2.989	-3.863	-4.597	-4.693	0.4787	0.0000	12.5	1	-11.612	0.000	3.0983254910	3
	0.001051	10.0000	0.8662834764	0.8381	2.9029	3.6266	0.9169	-2.487	0.389	-0.545	-1.768	-2.484	-3.098	-3.986	-4.728	-4.826	0.4787	0.0000	13.9	1	-11.628	0.000	3.0983316898	3
	0.001051	10.0000	0.8662980199	0.8357	2.9455	3.6232	0.8594	-2.594	0.433	-0.583	-1.842	-2.576	-3.201	-4.103	-4.854	-4.953	0.4787	0.0000	15.4	1	-11.647	0.000	3.0983371735	3
	0.001051	10.0000	0.8663120866	0.8329	2.9895	3.6199	0.8006	-2.704	0.475	-0.624	-1.920	-2.671	-3.307	-4.223	-4.982	-5.084	0.4787	0.0000	17.1	1	-11.669	0.000	3.0983421803	3
	0.001051	10.0000	0.8663252592	0.8299	3.0335	3.6165	0.7414	-2.814	0.527	-0.659	-1.994	-2.764	-3.412	-4.342	-5.110	-5.214	0.4787	0.0000	19.0	1	-11.696	0.000	3.0983471870	3
	0.001051	10.0000	0.8663371205	0.8266	3.0756	3.6131	0.6839	-2.919	0.582	-0.691	-2.064	-2.852	-3.512	-4.456	-5.234	-5.340	0.4787	0.0000	21.0	1	-11.492	0.000	3.0983514786	3
	0.001051	10.0000	0.8663485050	0.8229	3.1191	3.6097	0.6249	-3.028	0.639	-0.724	-2.136	-2.943	-3.614	-4.573	-5.361	-5.469	0.4787	0.0000	23.3	1	-11.082	0.000	3.0983555317	3
	0.001051	10.0000	0.8663594127	0.8187	3.1632	3.6062	0.5649	-3.138	0.702	-0.755	-2.207	-3.033	-3.717	-4.691	-5.490	-5.599	0.4787	0.0000	25.9	1	-10.669	0.000	3.0983595848	3
	0.001051	10.0000	0.8663693070	0.8142	3.2058	3.6028	0.5061	-3.244	0.769	-0.781	-2.274	-3.120	-3.815	-4.806	-5.615	-5.726	0.4787	0.0000	28.8	1	-10.272	0.000	3.0983631611	3
	0.001051	10.0000	0.8663789034	0.8090	3.2496	3.5993	0.4457	-3.354	0.808	-0.816	-2.342	-3.207	-3.916	-4.922	-5.742	-5.856	0.4787	0.0000	32.1	1	-9.871	0.000	3.0983667374	3
	0.001051	10.0000	0.8663879037	0.8032	3.2921	3.5959	0.3864	-3.460	0.846	-0.846	-2.405	-3.291	-4.012	-5.035	-5.864	-5.983	0.4787	0.0000	35.7	1	-9.486	0.000	3.0983700752	3
	0.001051	10.0000	0.8663952351	0.7977	3.3253	3.5932	0.3393	-3.543	0.878	-0.869	-2.453	-3.355	-4.087	-5.123	-5.960	-6.082	0.4787	0.0000	38.8	1	-9.188	0.000	3.0983729362	4
	0.001051	10.0000	0.8663952351	0.7977	1.7564	3.7363	2.4808	0.379	1.160	1.174	0.566	0.153	-0.228	-0.737	-1.149	-1.203	0.4787	0.0000	0.9	1	-11.631	0.000	3.0983729362	4
	0.001051	10.0000	0.8664673567	0.7977	1.7734	3.7351	2.4590	0.336	1.130	1.139	0.526	0.110	-0.272	-0.785	-1.199	-1.254	0.4787	0.0000	0.9	1	-11.631	0.000	3.0983994007	4
	0.001051	10.0000	0.8665402532	0.7978	1.7763	3.7350	2.4557	0.329	1.125	1.132	0.519	0.103	-0.280	-0.792	-1.207	-1.262	0.4787	0.0000	0.9	1	-11.630	0.000	3.0984261036	4
	0.001051	10.0000	0.8666148186	0.7979	1.7780	3.7352	2.4546	0.325	1.119	1.127	0.515	0.098	-0.284	-0.796	-1.210	-1.266	0.4787	0.0000	0.9	1	-11.630	0.000	3.0984535217	4
	0.001051	10.0000	0.8666884899	0.7980	1.7786	3.7355	2.4555	0.323	1.114	1.123	0.512	0.097	-0.285	-0.796	-1.210	-1.265	0.4787	0.0000	0.9	1	-11.629	0.000	3.0984807014	4
	0.001051	10.0000	0.8667574525	0.7981	1.7785	3.7360	2.4577	0.324	1.110	1.120	0.511	0.097	-0.284	-0.794	-1.206	-1.261	0.4787	0.0000	0.9	1	-11.629	0.000	3.0985059738	4
	0.001051	10.0000	0.8668262362	0.7981	1.7779	3.7366	2.4608	0.325	1.106	1.118	0.511	0.098	-0.282	-0.790	-1.200	-1.255	0.4787	0.0000	0.9	1	-11.629	0.000	3.0985312462	4
	0.001051	10.0000	0.8668945432	0.7982	1.7770	3.7373	2.4645	0.328	1.102	1.116	0.512	0.100	-0.278	-0.785	-1.194	-1.248	0.4787	0.0000	0.9	1	-11.628	0.000	3.0985562801	4
	0.001051	10.0000	0.8669624925	0.7983	1.7760	3.7380	2.4682	0.330	1.098	1.114	0.513	0.103	-0.275	-0.779	-1.187	-1.240	0.4787	0.0000	0.9	1	-11.628	0.000	3.0985813141	4
	0.001051	10.0000	0.8670349717	0.7984	1.7751	3.7387	2.4720	0.332	1.094	1.112	0.514	0.105	-0.272	-0.774	-1.180	-1.233	0.4787	0.0000	0.9	1	-11.627	0.000	3.0986080170	4
	0.001051	10.0000	0.8671067953	0.7985	1.7743	3.7394	2.4755	0.334	1.090	1.110	0.514	0.107	-0.269	-0.769	-1.173	-1.226	0.4787	0.0000	0.9	1	-11.627	0.000	3.0986342430	4
	0.001051	10.0000	0.8671776652	0.7985	1.7736	3.7400	2.4788	0.336	1.086	1.108	0.515	0.108	-0.266	-0.765	-1.167	-1.220	0.4787	0.0000	0.9	1	-11.627	0.000	3.0986604691	4
	0.001051	10.0000	0.8672454357	0.7986	1.7730	3.7406	2.4816	0.338	1.083	1.106	0.515	0.110	-0.264	-0.761	-1.162	-1.215	0.4787	0.0000	0.9	1	-11.626	0.000	3.0986852646	4
	0.001051	10.0000	0.8673138022	0.7987	1.7726	3.7411	2.4840	0.339	1.080	1.104	0.515	0.111	-0.262	-0.758	-1.158	-1.210	0.4787	0.0000	0.9	1	-11.626	0.000	3.0987102985	4
	0.001051	10.0000	0.8673537374	0.7987	1.7724	3.7413	2.4852	0.339	1.079	1.103	0.515	0.111	-0.261	-0.756	-1.156	-1.208	0.4787	0.0000	0.9	1	-11.626	0.000	3.0987250805	4
	0.001051	10.0000	0.8673816919	0.7988	1.7724	3.7415	2.4859	0.339	1.078	1.102	0.514	0.111	-0.261	-0.756	-1.155	-1.207	0.4787	0.0000	0.9	1	-11.625	0.000	3.0987353325	4
	0.001051	10.0000	0.8674489260	0.7988	1.7724	3.7418	2.4872	0.339	1.075	1.100	0.514	0.111	-0.261	-0.754	-1.153	-1.205	0.4787	0.0000	0.9	1	-11.625	0.000	3.0987598896	4
	0.001051	10.0000	0.8675159812	0.7989	1.7727	3.7420	2.4879	0.338	1.073	1.098	0.512	0.110	-0.261	-0.754	-1.152	-1.204	0.4787	0.0000	0.9	1	-11.625	0.000	3.0987844467	4
	0.001051	10.0000	0.8675829172	0.7990	1.7733	3.7422	2.4878	0.337	1.070	1.096	0.511	0.109	-0.262	-0.755	-1.152	-1.204	0.4787	0.0000	0.9	1	-11.624	0.000	3.0988090038	4
	0.001051	10.0000	0.8676542044	0.7991	1.7742	3.7422	2.4872	0.334	1.068	1.093	0.508	0.106	-0.264	-0.757	-1.154	-1.206	0.4787	0.0000	0.9	1	-11.624	0.000	3.0988352299	4
	0.001051	10.0000	0.8677223921	0.7991	1.7755	3.7421	2.4855	0.331	1.065	1.090	0.505	0.103	-0.268	-0.761	-1.158	-1.210	0.4787	0.0000	0.9	1	-11.624	0.000	3.0988602638	4
	0.001051	10.0000	0.8677925467	0.7992	1.7773	3.7419	2.4829	0.327	1.063	1.087	0.501	0.099	-0.273	-0.766	-1.164	-1.216	0.4787	0.0000	0.9	1	-11.623	0.000	3.0988860130	4
	0.001051	10.0000	0.8678269386	0.7993	1.7783	3.7417	2.4813	0.324	1.062	1.086	0.499	0.096	-0.275	-0.769	-1.168	-1.220	0.4787	0.0000	0.9	1	-11.623	0.000	3.0988986492	4
	0.001051	10.0000	0.8678540587	0.7993	1.7792	3.7416	2.4798	0.322	1.061	1.084	0.497	0.094	-0.278	-0.772	-1.171	-1.223	0.4787	0.0000	0.9	1	-11.623	0.000	3.0989084244	4
	0.001051	10.0000	0.8679146767	0.7994	1.7814	3.7412	2.4761	0.316	1.058	1.081	0.492	0.088	-0.284	-0.779	-1.179	-1.231	0.4787	0.0000	0.9	1	-11.623	0.000	3.0989305973	4
	0.001051	10.0000	0.8679707646	0.7994	1.7839	3.7408	2.4720	0.310	1.055	1.077	0.487	0.082	-0.291	-0.787	-1.188	-1.241	0.4787	0.0000	0.9	1	-11.622	0.000	3.0989513397	4
	0.001051	10.0000	0.8680263162	0.7995	1.7863	3.7404	2.4679	0.304	1.053	1.074	0.482	0.076	-0.298	-0.795	-1.197	-1.250	0.4787	0.0000	0.9	1	-11.622	0.000	3.0989716053	4
	0.001051	10.0000	0.8680815101	0.7995	1.7888	3.7400	2.4639	0.298	1.050	1.070	0.476	0.070	-0.305	-0.803	-1.206	-1.259	0.4787	0.0000	0.9	1	-11.622	0.000	3.0989918709	4
	0.001051	10.0000	0.8681369424	0.7996	1.7935	3.7390	2.4553	0.286	1.047	1.064	0.466	0.058	-0.318	-0.819	-1.224	-1.277	0.4787	0.0000	0.9	1	-11.622	0.000	3.0990121365	4
	0.001051	10.0000	0.8681919575	0.7997	1.7988	3.7380	2.4461	0.273	1.044	1.057	0.455	0.045	-0.332	-0.837	-1.244	-1.297	0.4787	0.0000	1.0	1	-11.621	0.000	3.0990324020	4
	0.001051	10.0000	0.8682475090	0.7997	1.8044	3.7370	2.4365	0.259	1.039	1.049	0.444	0.031	-0.348	-0.855	-1.264	-1.319	0.4787	0.0000	1.0	1	-11.621	0.000	3.0990526676	4
	0.001051	10.0000	0.8683030009	0.7998	1.8104	3.7360	2.4265	0.244	1.034	1.040	0.431	0.016	-0.364	-0.874	-1.286	-1.341	0.4787	0.0000	1.0	1	-11.621	0.000	3.0990729332	4
	0.001051	10.0000	0.8683603406	0.7999	1.8182	3.7347	2.4137	0.225	1.027	1.029	0.414	-0.003	-0.386	-0.899	-1.314	-1.369	0.4787	0.0000	1.0	1	-11.621	0.000	3.0990939140	4
	0.001051	10.0000	0.8684139252	0.7999	1.8273	3.7333	2.3989	0.202	1.017	1.015	0.394	-0.026	-0.411	-0.928	-1.346	-1.402	0.4787	0.0000	1.0	1	-11.621	0.000	3.0991137028	4
	0.001051	10.0000	0.8684707880	0.8000	1.8398	3.7315	2.3791	0.170	1.004	0.995	0.367	-0.057	-0.445	-0.967	-1.390	-1.446	0.4787	0.0000	1.1	1	-11.621	0.000	3.0991344452	4
	0.001051	10.0000	0.8684899211	0.8000	1.8467	3.7305	2.3683	0.153	0.997	0.984	0.352	-0.074	-0.463	-0.988	-1.413	-1.471	0.4787	0.0000	1.1	1	-11.621	0.000	3.0991413593	4
	0.001051	10.0000	0.8685237169	0.8000	1.8594	3.7286	2.3482	0.121	0.984	0.964	0.325	-0.105	-0.498	-1.028	-1.457	-1.515	0.4787	0.0000	1.1	1	-11.621	0.000	3.0991537571	4
	0.001051	10.0000	0.8685678244	0.8001	1.8958	3.7238	2.2925	0.030	0.945	0.906	0.245	-0.194	-0.595	-1.139	-1.580	-1.640	0.4787	0.0000	1.3	1	-11.621	0.000	3.0991699696	4
	0.001051	10.0000	0.8685884476	0.8001	1.9354	3.7189	2.2335	-0.069	0.901	0.841	0.158	-0.291	-0.701	-1.258	-1.711	-1.773	0.4787	0.0000	1.4	1	-11.622	0.000	3.0991773605	4
	0.001051	10.0000	0.8685960174	0.8001	1.9718	3.7146	2.1799	-0.159	0.862	0.782	0.080	-0.378	-0.796	-1.366	-1.830	-1.894	0.4787	0.0000	1.5	1	-11.623	0.000	3.0991802216	4
	0.001051	10.0000	0.8685997128	0.8001	2.0101	3.7104	2.1248	-0.255	0.818	0.718	-0.004	-0.471	-0.897	-1.479	-1.954	-2.019	0.4787	0.0000	1.7	1	-11.624	0.000	3.0991816521	4
	0.001051	10.0000	0.8686015606	0.8001	2.0477	3.7065	2.0713	-0.349	0.776	0.655	-0.086	-0.561	-0.994	-1.588	-2.074	-2.140	0.4787	0.0000	1.8	1	-11.625	0.000	3.0991823673	4
	0.001051	10.0000	0.8686021566	0.8001	2.0637	3.7050	2.0493	-0.389	0.756	0.627	-0.121	-0.600	-1.035	-1.634	-2.123	-2.191	0.4787	0.0000	1.9	1	-11.625	0.000	3.0991823673	7
	0.001051	10.0000	0.8686022162	0.8001	2.0642	3.7049	2.0486	-0.391	0.756	0.627	-0.122	-0.601	-1.036	-1.636	-2.125	-2.192	0.4787	0.0000	1.9	1	-11.625	0.000	3.0991826057	7
	0.001051	10.0000	0.8686029315	0.8001	2.0882	3.7027	2.0157	-0.451	0.726	0.585	-0.175	-0.659	-1.098	-1.704	-2.199	-2.268	0.4787	0.0000	2.0	1	-11.626	0.000	3.0991828442	7
	0.001051	10.0000	0.8686041832	0.8001	2.1348	3.6985	1.9524	-0.567	0.672	0.504	-0.277	-0.770	-1.218	-1.837	-2.344	-2.414	0.4787	0.0000	2.3	1	-11.627	0.000	3.0991833210	7
	0.001051	10.0000	0.8686052561	0.8001	2.1747	3.6950	1.8984	-0.667	0.630	0.436	-0.364	-0.865	-1.320	-1.951	-2.468	-2.539	0.4787	0.0000	2.5	1	-11.629	0.000	3.0991835594	7
	0.001051	10.0000	0.8686063290	0.8001	2.2116	3.6919	1.8490	-0.759	0.590	0.373	-0.444	-0.953	-1.414	-2.056	-2.582	-2.653	0.4787	0.0000	2.7	1	-11.630	0.000	3.0991840363	7
	0.001051	10.0000	0.8686078787	0.8001	2.2538	3.6883	1.7927	-0.865	0.546	0.302	-0.536	-1.053	-1.521	-2.175	-2.712	-2.784	0.4787	0.0000	3.0	1	-11.632	0.000	3.0991845131	7
	0.001051	10.0000	0.8686108589	0.8001	2.2248	3.6910	1.8323	-0.792	0.572	0.349	-0.474	-0.985	-1.448	-2.092	-2.621	-2.692	0.4787	0.0000	2.8	1	-11.631	0.000	3.0991857052	7
	0.001051	10.0000	0.8686139584	0.8001	2.1882	3.6941	1.8815	-0.700	0.611	0.411	-0.395	-0.898	-1.354	-1.988	-2.507	-2.578	0.4787	0.0000	2.6	1	-11.629	0.000	3.0991868973	7
	0.001051	10.0000	0.8686357737	0.8002	2.1608	3.6962	1.9172	-0.632	0.645	0.460	-0.334	-0.832	-1.285	-1.912	-2.425	-2.495	0.4787	0.0000	2.4	1	-11.628	0.000	3.0991947651	7
	0.001051	10.0000	0.8686597347	0.8002	2.2010	3.6925	1.8621	-0.733	0.605	0.394	-0.420	-0.928	-1.387	-2.027	-2.551	-2.622	0.4787	0.0000	2.6	1	-11.630	0.000	3.0992035866	7
	0.001051	10.0000	0.8686808944	0.8002	2.2393	3.6892	1.8107	-0.828	0.565	0.329	-0.503	-1.018	-1.484	-2.135	-2.669	-2.742	0.4787	0.0000	2.9	1	-11.631	0.000	3.0992112160	7
	0.001051	10.0000	0.8687037826	0.8002	2.2812	3.6856	1.7543	-0.933	0.527	0.261	-0.592	-1.116	-1.589	-2.253	-2.800	-2.873	0.4787	0.0000	3.2	1	-11.634	0.000	3.0992195606	7
	0.001051	10.0000	0.8687239885	0.8003	2.3228	3.6821	1.6988	-1.037	0.487	0.193	-0.681	-1.214	-1.694	-2.370	-2.928	-3.003	0.4787	0.0000	3.5	1	-11.636	0.000	3.0992269516	7
	0.001051	10.0000	0.8687418699	0.8003	2.3641	3.6786	1.6435	-1.140	0.450	0.126	-0.768	-1.310	-1.797	-2.487	-3.056	-3.131	0.4787	0.0000	3.9	1	-11.639	0.000	3.0992336273	7
	0.001051	10.0000	0.8687574863	0.8003	2.4054	3.6752	1.5885	-1.243	0.415	0.061	-0.854	-1.406	-1.900	-2.602	-3.182	-3.258	0.4787	0.0000	4.2	1	-11.642	0.000	3.0992393494	7
	0.001051	10.0000	0.8687711954	0.8003	2.4466	3.6717	1.5336	-1.346	0.382	-0.004	-0.940	-1.501	-2.003	-2.717	-3.308	-3.385	0.4787	0.0000	4.7	1	-11.645	0.000	3.0992443562	7
	0.001051	10.0000	0.8687834740	0.8003	2.4874	3.6683	1.4789	-1.449	0.352	-0.067	-1.024	-1.595	-2.104	-2.831	-3.432	-3.511	0.4787	0.0000	5.1	1	-11.649	0.000	3.0992488861	7
	0.001051	10.0000	0.8687945008	0.8003	2.5283	3.6649	1.4245	-1.551	0.323	-0.131	-1.106	-1.688	-2.205	-2.944	-3.556	-3.636	0.4787	0.0000	5.6	1	-11.654	0.000	3.0992529392	7
	0.001051	10.0000	0.8688045144	0.8003	2.5690	3.6614	1.3700	-1.653	0.296	-0.192	-1.188	-1.780	-2.306	-3.057	-3.680	-3.761	0.4787	0.0000	6.2	1	-11.659	0.000	3.0992565155	7
	0.001051	10.0000	0.8688138127	0.8004	2.6098	3.6580	1.3154	-1.755	0.273	-0.253	-1.269	-1.872	-2.405	-3.169	-3.804	-3.886	0.4787	0.0000	6.8	1	-11.664	0.000	3.0992598534	7
	0.001051	10.0000	0.8688222766	0.8004	2.6502	3.6546	1.2614	-1.856	0.252	-0.311	-1.348	-1.961	-2.503	-3.280	-3.927	-4.011	0.4787	0.0000	7.5	1	-11.671	0.000	3.0992629528	7
	0.001051	10.0000	0.8688303828	0.8004	2.6906	3.6511	1.2070	-1.957	0.233	-0.369	-1.426	-2.051	-2.601	-3.392	-4.050	-4.135	0.4787	0.0000	8.3	1	-11.678	0.000	3.0992660522	7
	0.001051	10.0000	0.8688381314	0.8004	2.7308	3.6476	1.1531	-2.057	0.218	-0.424	-1.503	-2.138	-2.697	-3.502	-4.173	-4.259	0.4787	0.0000	9.1	1	-11.686	0.000	3.0992689133	7
	0.001051	10.0000	0.8688457012	0.8004	2.7710	3.6441	1.0989	-2.157	0.205	-0.478	-1.579	-2.226	-2.794	-3.612	-4.295	-4.383	0.4787	0.0000	10.0	1	-11.695	0.000	3.0992715359	7
	0.001051	10.0000	0.8688526750	0.8004	2.8120	3.6405	1.0433	-2.260	0.195	-0.532	-1.655	-2.314	-2.892	-3.724	-4.421	-4.511	0.4787	0.0000	11.0	1	-11.706	0.000	3.0992741585	7
	0.001051	10.0000	0.8688592315	0.8004	2.8521	3.6370	0.9893	-2.360	0.195	-0.580	-1.728	-2.401	-2.987	-3.834	-4.542	-4.634	0.4787	0.0000	12.1	1	-11.718	0.000	3.0992765427	7
	0.001051	10.0000	0.8688652515	0.8004	2.8937	3.6333	0.9330	-2.464	0.237	-0.616	-1.801	-2.491	-3.088	-3.949	-4.667	-4.760	0.4787	0.0000	13.4	1	-11.732	0.000	3.0992786884	7
	0.001051	10.0000	0.8688699603	0.8004	2.9361	3.6296	0.8756	-2.570	0.282	-0.652	-1.874	-2.583	-3.191	-4.066	-4.794	-4.889	0.4787	0.0000	14.8	1	-11.748	0.000	3.0992803574	7
	0.001051	10.0000	0.8688734770	0.8004	2.9770	3.6259	0.8197	-2.673	0.335	-0.682	-1.942	-2.669	-3.289	-4.179	-4.917	-5.014	0.4787	0.0000	16.3	1	-11.765	0.000	3.0992817879	7
	0.001051	10.0000	0.8688768148	0.8004	3.0166	3.6223	0.7659	-2.772	0.388	-0.711	-2.007	-2.752	-3.383	-4.288	-5.036	-5.135	0.4787	0.0000	18.0	1	-11.785	0.000	3.0992829800	7
	0.001051	10.0000	0.8688799739	0.8004	3.0582	3.6185	0.7093	-2.876	0.449	-0.739	-2.074	-2.838	-3.482	-4.402	-5.161	-5.262	0.4787	0.0000	19.9	1	-11.657	0.000	3.0992841721	7
	0.001051	10.0000	0.8688829541	0.8004	3.1029	3.6144	0.6482	-2.987	0.521	-0.765	-2.143	-2.929	-3.586	-4.524	-5.295	-5.398	0.4787	0.0000	22.2	1	-11.236	0.000	3.0992851257	7
	0.001051	10.0000	0.8688851595	0.8004	3.1444	3.6107	0.5917	-3.091	0.590	-0.789	-2.207	-3.012	-3.682	-4.637	-5.419	-5.525	0.4787	0.0000	24.6	1	-10.850	0.000	3.0992860794	7
	0.001051	10.0000	0.8688859344	0.8004	3.1237	3.6127	0.6204	-3.039	0.551	-0.779	-2.177	-2.972	-3.634	-4.580	-5.356	-5.461	0.4787	0.0000	23.3	1	-11.046	0.000	3.0992863178	7
	0.001051	10.0000	0.8688859940	0.8004	3.0859	3.6162	0.6722	-2.945	0.487	-0.758	-2.119	-2.895	-3.547	-4.477	-5.243	-5.346	0.4787	0.0000	21.3	1	-11.401	0.000	3.0992863178	7
	0.001051	10.0000	0.8688859940	0.8004	3.0499	3.6195	0.7215	-2.855	0.429	-0.738	-2.063	-2.822	-3.463	-4.379	-5.134	-5.235	0.4787	0.0000	19.5	1	-11.741	0.000	3.0992863178	7
	0.001051	10.0000	0.8688860536	0.8004	3.0830	3.6164	0.6759	-2.938	0.484	-0.756	-2.114	-2.889	-3.540	-4.470	-5.234	-5.337	0.4787	0.0000	21.1	1	-11.427	0.000	3.0992863178	7
	0.001051	10.0000	0.8688861132	0.8004	3.1264	3.6124	0.6167	-3.046	0.557	-0.780	-2.180	-2.977	-3.641	-4.588	-5.364	-5.469	0.4787	0.0000	23.5	1	-11.020	0.000	3.0992863178	7
	0.001051	10.0000	0.8688861728	0.8004	3.1693	3.6084	0.5577	-3.153	0.634	-0.801	-2.245	-3.062	-3.739	-4.704	-5.493	-5.601	0.4787	0.0000	26.1	1	-10.620	0.000	3.0992863178	7
	0.001051	10.0000	0.8688862920	0.8004	3.2111	3.6045	0.5001	-3.258	0.715	-0.819	-2.305	-3.143	-3.834	-4.817	-5.619	-5.729	0.4787	0.0000	29.0	1	-10.234	0.000	3.0992863178	7
	0.001051	10.0000	0.8688864708	0.8004	3.2524	3.6006	0.4432	-3.361	0.767	-0.842	-2.362	-3.222	-3.927	-4.928	-5.742	-5.856	0.4787	0.0000	32.1	1	-9.858	0.000	3.0992865562	7
	0.001051	10.0000	0.8688867688	0.8004	3.2946	3.5966	0.3851	-3.466	0.822	-0.863	-2.419	-3.301	-4.020	-5.040	-5.867	-5.985	0.4787	0.0000	35.7	1	-9.479	0.000	3.0992865562	7
	0.001051	10.0000	0.8688873053	0.8004	3.3355	3.5927	0.3284	-3.569	0.878	-0.881	-2.471	-3.377	-4.110	-5.149	-5.988	-6.110	0.4787	0.0000	39.6	1	-9.116	0.000	3.0992867947	7
	0.001051	10.0000	0.8688879609	0.8004	3.3711	3.5893	0.2793	-3.658	0.928	-0.896	-2.517	-3.442	-4.188	-5.243	-6.094	-6.219	0.4787	0.0000	43.4	1	-8.808	0.000	3.0992870331	7
	0.001051	10.0000	0.8688896298	0.8004	3.4092	3.5858	0.2272	-3.753	0.983	-0.911	-2.564	-3.511	-4.272	-5.344	-6.205	-6.335	0.4787	0.0000	47.8	1	-8.487	0.000	3.0992877483	7
	0.001051	10.0000	0.8688897491	0.8004	3.4102	3.5857	0.2259	-3.756	0.984	-0.912	-2.566	-3.513	-4.274	-5.346	-6.208	-6.338	0.4787	0.5323	47.9	1	-8.479	0.000	3.0992877483	7
	0.001051	10.0000	0.8688897491	0.8004	3.4102	3.5857	0.2259	-3.756	0.983	-0.912	-2.566	-3.513	-4.274	-5.346	-6.208	-6.338	0.4787	0.5322	47.9	1	-8.479	0.000	3.0992877483	7
	0.001051	10.0000	0.8688897491	0.8004	3.4102	3.5857	0.2259	-3.756	0.983	-0.912	-2.566	-3.513	-4.274	-5.346	-6.208	-6.338	0.4787	0.5321	47.9	1	-8.479	0.000	3.0992877483	7
	0.001051	10.0000	0.8688897491	0.8004	3.4102	3.5857	0.2259	-3.756	0.983	-0.912	-2.566	-3.513	-4.274	-5.346	-6.208	-6.338	0.4787	0.5320	47.9	1	-8.479	0.000	3.0992877483	7
	0.001051	10.0000	0.8688897491	0.8004	3.4102	3.5857	0.2259	-3.756	0.983	-0.912	-2.566	-3.513	-4.274	-5.346	-6.208	-6.338	0.4787	0.5319	47.9	1	-8.479	0.000	3.0992877483	7
	0.001051	10.0000	0.8688897491	0.8004	3.4102	3.5857	0.2259	-3.756	0.983	-0.912	-2.566	-3.513	-4.274	-5.346	-6.208	-6.338	0.4787	0.5318	47.9	1	-8.479	0.000	3.0992877483	7
	0.001051	10.0000	0.8688897491	0.8004	3.4102	3.5857	0.2259	-3.756	0.983	-0.912	-2.566	-3.513	-4.274	-5.346	-6.208	-6.338	0.4787	0.5317	47.9	1	-8.479	0.000	3.0992877483	7
	0.001051	10.0000	0.8688897491	0.8004	3.4102	3.5857	0.2259	-3.756	0.983	-0.912	-2.566	-3.513	-4.274	-5.346	-6.208	-6.338	0.4787	0.5316	47.9	1	-8.479	0.000	3.0992877483	7
	0.001051	10.0000	0.8688897491	0.8004	3.4102	3.5857	0.2259	-3.756	0.983	-0.912	-2.566	-3.513	-4.274	-5.346	-6.208	-6.338	0.4787	0.5315	47.9	1	-8.479	0.000	3.0992877483	7
	0.001051	10.0000	0.8688897491	0.8004	3.4102	3.5857	0.2259	-3.756	0.983	-0.912	-2.566	-3.513	-4.274	-5.346	-6.208	-6.338	0.4787	0.5314	47.9	1	-8.479	0.000	3.0992877483	7
	0.001051	10.0000	0.8688897491	0.8004	3.4102	3.5857	0.2259	-3.756	0.983	-0.912	-2.566	-3.513	-4.274	-5.346	-6.208	-6.338	0.4787	0.5313	47.9	1	-8.479	0.000	3.0992877483	7
	0.001051	10.0000	0.8688897491	0.8004	3.4102	3.5857	0.2259	-3.756	0.983	-0.912	-2.566	-3.513	-4.274	-5.346	-6.208	-6.338	0.4787	0.5312	47.9	1	-8.479	0.000	3.0992877483	7
	0.001051	10.0000	0.8688897491	0.8004	3.4102	3.5857	0.2259	-3.756	0.983	-0.912	-2.566	-3.513	-4.274	-5.346	-6.208	-6.338	0.4787	0.5310	47.9	1	-8.479	0.000	3.0992877483	7
	0.001051	10.0000	0.8688898087	0.8004	3.4103	3.5857	0.2259	-3.756	0.983	-0.912	-2.566	-3.513	-4.274	-5.346	-6.208	-6.338	0.4787	0.5309	47.9	1	-8.479	0.000	3.0992877483	7
	0.001051	10.0000	0.8688898087	0.8004	3.4103	3.5857	0.2259	-3.756	0.983	-0.912	-2.566	-3.513	-4.274	-5.346	-6.208	-6.338	0.4787	0.5308	47.9	1	-8.479	0.000	3.0992877483	7
	0.001051	10.0000	0.8688898087	0.8004	3.4103	3.5857	0.2259	-3.756	0.983	-0.912	-2.566	-3.513	-4.274	-5.346	-6.208	-6.338	0.4787	0.5307	47.9	1	-8.479	0.000	3.0992877483	7
	0.001051	10.0000	0.8688898087	0.8004	3.4103	3.5857	0.2259	-3.756	0.983	-0.912	-2.566	-3.513	-4.274	-5.346	-6.208	-6.338	0.4787	0.5306	47.9	1	-8.479	0.000	3.0992877483	7
	0.001051	10.0000	0.8688898087	0.8004	3.4103	3.5857	0.2259	-3.756	0.983	-0.912	-2.566	-3.513	-4.274	-5.346	-6.208	-6.338	0.4787	0.5305	47.9	1	-8.479	0.000	3.0992877483	7
	0.001051	10.0000	0.8688898087	0.8004	3.4103	3.5857	0.2259	-3.756	0.983	-0.912	-2.566	-3.513	-4.274	-5.346	-6.208	-6.338	0.4787	0.5304	47.9	1	-8.479	0.000	3.0992877483	7
	0.001051	10.0000	0.8688898087	0.8004	3.4103	3.5857	0.2259	-3.756	0.983	-0.912	-2.566	-3.514	-4.274	-5.346	-6.208	-6.338	0.4787	0.5303	47.9	1	-8.479	0.000	3.0992877483	7
	0.001051	10.0000	0.8688898087	0.8004	3.4103	3.5857	0.2259	-3.756	0.983	-0.912	-2.566	-3.514	-4.274	-5.346	-6.208	-6.338	0.4787	0.5302	47.9	1	-8.479	0.000	3.0992877483	7
	0.001051	10.0000	0.8688898087	0.8004	3.4103	3.5857	0.2259	-3.756	0.983	-0.912	-2.566	-3.514	-4.274	-5.346	-6.208	-6.338	0.4787	0.5301	47.9	1	-8.479	0.000	3.0992877483	7
	0.001051	10.0000	0.8688898087	0.8004	3.4103	3.5857	0.2258	-3.756	0.983	-0.912	-2.566	-3.514	-4.274	-5.346	-6.208	-6.338	0.4787	0.5300	47.9	1	-8.479	0.000	3.0992877483	7
	0.001051	10.0000	0.8688898087	0.8004	3.4103	3.5857	0.2258	-3.756	0.983	-0.912	-2.566	-3.514	-4.274	-5.346	-6.208	-6.338	0.4787	0.5299	47.9	1	-8.479	0.000	3.0992877483	7
	0.001051	10.0000	0.8688898087	0.8004	3.4103	3.5857	0.2258	-3.756	0.983	-0.912	-2.566	-3.514	-4.274	-5.346	-6.208	-6.338	0.4787	0.5298	47.9	1	-8.479	0.000	3.0992877483	7
	0.001051	10.0000	0.8688898087	0.8004	3.4103	3.5857	0.2258	-3.756	0.983	-0.912	-2.566	-3.514	-4.274	-5.346	-6.208	-6.338	0.4787	0.5297	47.9	1	-8.479	0.000	3.0992877483	7
	0.001051	10.0000	0.8688898087	0.8004	3.4103	3.5857	0.2258	-3.756	0.983	-0.912	-2.566	-3.514	-4.274	-5.346	-6.208	-6.338	0.4787	0.5296	47.9	1	-8.479	0.000	3.0992877483	8
	0.001051	10.0000	0.8688898087	0.8043	3.4087	3.5860	0.2306	-3.752	0.975	-0.914	-2.565	-3.511	-4.271	-5.342	-6.203	-6.332	0.4775	0.5298	47.6	1	-8.506	-0.003	3.0992877483	8
	0.001051	10.0000	0.8688898087	0.8081	3.4070	3.5862	0.2353	-3.748	0.968	-0.916	-2.565	-3.509	-4.268	-5.338	-6.197	-6.327	0.4762	0.5300	47.2	1	-8.533	-0.007	3.0992877483	8
	0.001051	10.0000	0.8688898087	0.8120	3.4054	3.5865	0.2400	-3.744	0.960	-0.918	-2.564	-3.507	-4.265	-5.333	-6.192	-6.321	0.4750	0.5302	46.9	1	-8.562	-0.010	3.0992877483	8
	0.001051	10.0000	0.8688898087	0.8158	3.4038	3.5867	0.2446	-3.740	0.953	-0.920	-2.564	-3.505	-4.261	-5.329	-6.187	-6.316	0.4737	0.5304	46.5	1	-8.592	-0.014	3.0992877483	8
	0.001051	10.0000	0.8688898087	0.8197	3.4022	3.5870	0.2493	-3.735	0.945	-0.922	-2.563	-3.503	-4.258	-5.324	-6.182	-6.310	0.4725	0.5306	46.2	1	-8.623	-0.017	3.0992877483	8
	0.001051	10.0000	0.8688898087	0.8235	3.4006	3.5872	0.2540	-3.731	0.938	-0.924	-2.563	-3.501	-4.255	-5.320	-6.177	-6.305	0.4713	0.5309	45.8	1	-8.655	-0.021	3.0992877483	8
	0.001051	10.0000	0.8688898087	0.8274	3.3990	3.5875	0.2587	-3.727	0.930	-0.927	-2.562	-3.499	-4.252	-5.315	-6.171	-6.299	0.4700	0.5311	45.5	1	-8.689	-0.024	3.0992877483	8
	0.001051	10.0000	0.8688898087	0.8312	3.3973	3.5877	0.2633	-3.723	0.923	-0.929	-2.562	-3.496	-4.249	-5.311	-6.166	-6.294	0.4688	0.5313	45.2	1	-8.724	-0.028	3.0992877483	8
	0.001051	10.0000	0.8688898087	0.8351	3.3957	3.5880	0.2679	-3.719	0.915	-0.931	-2.561	-3.494	-4.245	-5.306	-6.161	-6.288	0.4675	0.5315	44.8	1	-8.761	-0.031	3.0992877483	8
	0.001051	10.0000	0.8688898087	0.8389	3.3941	3.5882	0.2726	-3.715	0.908	-0.933	-2.561	-3.492	-4.242	-5.302	-6.156	-6.283	0.4663	0.5317	44.5	1	-8.800	-0.035	3.0992877483	8
	0.001051	10.0000	0.8688898087	0.8428	3.3925	3.5885	0.2772	-3.711	0.900	-0.935	-2.560	-3.490	-4.239	-5.297	-6.151	-6.277	0.4651	0.5319	44.2	1	-8.840	-0.038	3.0992877483	8
	0.001051	10.0000	0.8688898087	0.8466	3.3909	3.5887	0.2818	-3.707	0.893	-0.937	-2.560	-3.488	-4.236	-5.293	-6.145	-6.272	0.4638	0.5322	43.9	1	-8.881	-0.042	3.0992877483	8
	0.001051	10.0000	0.8688898087	0.8504	3.3892	3.5890	0.2864	-3.703	0.885	-0.939	-2.559	-3.486	-4.233	-5.289	-6.140	-6.266	0.4626	0.5324	41.3	1	-8.925	-0.045	3.0992877483	8
	0.001051	10.0000	0.8688898683	0.8543	3.3876	3.5893	0.2910	-3.699	0.878	-0.941	-2.559	-3.484	-4.229	-5.284	-6.135	-6.261	0.4614	0.5326	41.0	1	-8.970	-0.049	3.0992877483	8
	0.001051	10.0000	0.8688898683	0.8581	3.3860	3.5895	0.2956	-3.695	0.870	-0.943	-2.558	-3.481	-4.226	-5.280	-6.130	-6.255	0.4601	0.5328	40.7	1	-9.017	-0.052	3.0992877483	8
	0.001051	10.0000	0.8688898683	0.8620	3.3844	3.5898	0.3002	-3.691	0.863	-0.945	-2.558	-3.479	-4.223	-5.275	-6.125	-6.250	0.4589	0.5330	40.4	1	-9.066	-0.056	3.0992877483	8
	0.001051	10.0000	0.8688898683	0.8658	3.3828	3.5900	0.3047	-3.687	0.856	-0.947	-2.557	-3.477	-4.220	-5.271	-6.119	-6.244	0.4576	0.5332	40.1	1	-9.117	-0.059	3.0992877483	8
	0.001051	10.0000	0.8688898683	0.8697	3.3812	3.5903	0.3093	-3.683	0.849	-0.949	-2.557	-3.475	-4.216	-5.266	-6.114	-6.239	0.4564	0.5335	39.9	1	-9.170	-0.063	3.0992877483	8
	0.001051	10.0000	0.8688898683	0.8735	3.3795	3.5905	0.3138	-3.679	0.842	-0.950	-2.556	-3.473	-4.213	-5.262	-6.109	-6.233	0.4552	0.5337	39.6	1	-9.224	-0.066	3.0992877483	8
	0.001051	10.0000	0.8688898683	0.8774	3.3779	3.5908	0.3184	-3.675	0.835	-0.952	-2.555	-3.470	-4.210	-5.257	-6.104	-6.228	0.4539	0.5339	39.3	1	-9.281	-0.070	3.0992877483	8
	0.001051	10.0000	0.8688898683	0.8812	3.3763	3.5910	0.3229	-3.671	0.828	-0.954	-2.554	-3.468	-4.207	-5.253	-6.098	-6.222	0.4527	0.5341	39.0	1	-9.339	-0.073	3.0992877483	8
	0.001051	10.0000	0.8688898683	0.8851	3.3747	3.5913	0.3274	-3.667	0.821	-0.955	-2.554	-3.466	-4.203	-5.248	-6.093	-6.217	0.4514	0.5343	38.7	1	-9.399	-0.077	3.0992877483	8
	0.001051	10.0000	0.8688898683	0.8889	3.3731	3.5915	0.3320	-3.663	0.814	-0.957	-2.553	-3.463	-4.200	-5.244	-6.088	-6.211	0.4502	0.5345	38.5	1	-9.461	-0.080	3.0992877483	8
	0.001051	10.0000	0.8688898683	0.8928	3.3714	3.5918	0.3365	-3.659	0.807	-0.959	-2.552	-3.461	-4.197	-5.239	-6.083	-6.205	0.4490	0.5348	38.2	1	-9.524	-0.084	3.0992877483	8
	0.001051	10.0000	0.8688898683	0.8966	3.3698	3.5920	0.3410	-3.655	0.800	-0.961	-2.551	-3.459	-4.194	-5.235	-6.077	-6.200	0.4477	0.5350	37.9	1	-9.589	-0.087	3.0992877483	8
	0.001051	10.0000	0.8688898683	0.9004	3.3682	3.5923	0.3455	-3.651	0.793	-0.962	-2.551	-3.456	-4.190	-5.230	-6.072	-6.194	0.4465	0.5352	37.7	1	-9.656	-0.091	3.0992877483	8
	0.001051	10.0000	0.8688900471	0.8977	3.3711	3.5919	0.3397	-3.658	0.801	-0.961	-2.553	-3.461	-4.196	-5.238	-6.081	-6.204	0.4465	0.5353	38.0	1	-9.592	-0.091	3.0992877483	8
	0.001051	10.0000	0.8688902259	0.8950	3.3741	3.5916	0.3340	-3.665	0.809	-0.961	-2.556	-3.466	-4.203	-5.246	-6.090	-6.213	0.4465	0.5355	38.4	1	-9.529	-0.091	3.0992877483	8
	0.001051	10.0000	0.8688904047	0.8923	3.3770	3.5912	0.3283	-3.672	0.817	-0.960	-2.558	-3.471	-4.209	-5.254	-6.099	-6.223	0.4465	0.5356	38.8	1	-9.467	-0.091	3.0992879868	8
	0.001051	10.0000	0.8688905835	0.8896	3.3799	3.5908	0.3225	-3.680	0.825	-0.959	-2.561	-3.475	-4.215	-5.262	-6.109	-6.232	0.4465	0.5357	39.1	1	-9.406	-0.091	3.0992879868	8
	0.001051	10.0000	0.8688907623	0.8869	3.3828	3.5904	0.3168	-3.687	0.834	-0.958	-2.563	-3.480	-4.221	-5.270	-6.118	-6.242	0.4465	0.5358	39.5	1	-9.345	-0.091	3.0992879868	8
	0.001051	10.0000	0.8688909411	0.8842	3.3858	3.5901	0.3110	-3.694	0.842	-0.957	-2.566	-3.485	-4.227	-5.278	-6.127	-6.252	0.4465	0.5360	39.9	1	-9.286	-0.091	3.0992882252	8
	0.001051	10.0000	0.8688911200	0.8815	3.3887	3.5897	0.3053	-3.702	0.851	-0.956	-2.568	-3.490	-4.233	-5.286	-6.136	-6.261	0.4465	0.5361	40.3	1	-9.228	-0.091	3.0992882252	8
	0.001051	10.0000	0.8688912988	0.8788	3.3916	3.5893	0.2995	-3.709	0.859	-0.955	-2.570	-3.494	-4.239	-5.294	-6.145	-6.271	0.4465	0.5362	40.7	1	-9.170	-0.091	3.0992882252	8
	0.001051	10.0000	0.8688914776	0.8761	3.3945	3.5889	0.2937	-3.716	0.868	-0.953	-2.573	-3.499	-4.245	-5.302	-6.154	-6.280	0.4465	0.5363	41.1	1	-9.114	-0.091	3.0992882252	8
	0.001051	10.0000	0.8688916564	0.8734	3.3975	3.5886	0.2880	-3.724	0.877	-0.952	-2.575	-3.503	-4.251	-5.309	-6.163	-6.289	0.4465	0.5365	41.5	1	-9.059	-0.091	3.0992884636	8
	0.001051	10.0000	0.8688918352	0.8707	3.4004	3.5882	0.2822	-3.731	0.886	-0.951	-2.577	-3.508	-4.258	-5.317	-6.172	-6.299	0.4465	0.5366	41.9	1	-9.004	-0.091	3.0992884636	8
	0.001051	10.0000	0.8688920140	0.8680	3.4033	3.5878	0.2764	-3.738	0.894	-0.949	-2.579	-3.512	-4.264	-5.325	-6.181	-6.308	0.4465	0.5367	42.3	1	-8.951	-0.091	3.0992884636	8
	0.001051	10.0000	0.8688921928	0.8653	3.4063	3.5874	0.2706	-3.746	0.903	-0.948	-2.581	-3.517	-4.270	-5.333	-6.190	-6.318	0.4465	0.5369	42.7	1	-8.898	-0.091	3.0992884636	8
	0.001051	10.0000	0.8688923120	0.8625	3.4092	3.5871	0.2649	-3.753	0.912	-0.947	-2.584	-3.521	-4.276	-5.341	-6.199	-6.327	0.4465	0.5370	43.1	1	-8.847	-0.091	3.0992887020	8
	0.001051	10.0000	0.8688924909	0.8598	3.4121	3.5867	0.2591	-3.760	0.921	-0.945	-2.586	-3.526	-4.282	-5.349	-6.208	-6.337	0.4465	0.5371	43.6	1	-8.797	-0.091	3.0992887020	8
	0.001051	10.0000	0.8688926697	0.8571	3.4150	3.5863	0.2533	-3.768	0.930	-0.944	-2.588	-3.530	-4.288	-5.357	-6.217	-6.346	0.4465	0.5372	44.0	1	-8.747	-0.091	3.0992887020	8
	0.001051	10.0000	0.8688928485	0.8544	3.4180	3.5859	0.2475	-3.775	0.939	-0.943	-2.590	-3.535	-4.294	-5.365	-6.226	-6.356	0.4465	0.5374	44.4	1	-8.699	-0.091	3.0992887020	8
	0.001051	10.0000	0.8688930273	0.8517	3.4209	3.5856	0.2417	-3.782	0.948	-0.942	-2.592	-3.539	-4.300	-5.372	-6.235	-6.365	0.4465	0.5375	44.9	1	-8.651	-0.091	3.0992889404	8
	0.001051	10.0000	0.8688932061	0.8490	3.4238	3.5852	0.2359	-3.790	0.957	-0.940	-2.595	-3.544	-4.306	-5.380	-6.244	-6.375	0.4465	0.5376	47.8	1	-8.605	-0.091	3.0992889404	8
	0.001051	10.0000	0.8688933849	0.8463	3.4267	3.5848	0.2301	-3.797	0.965	-0.939	-2.597	-3.548	-4.312	-5.388	-6.253	-6.384	0.4465	0.5377	48.3	1	-8.560	-0.091	3.0992889404	8
	0.001051	10.0000	0.8688935637	0.8436	3.4297	3.5844	0.2242	-3.804	0.974	-0.938	-2.599	-3.553	-4.318	-5.396	-6.262	-6.394	0.4465	0.5379	48.8	1	-8.515	-0.092	3.0992891788	8
	0.001051	10.0000	0.8688937426	0.8409	3.4326	3.5841	0.2184	-3.812	0.983	-0.936	-2.601	-3.557	-4.324	-5.404	-6.271	-6.403	0.4465	0.5380	49.3	1	-8.472	-0.092	3.0992891788	8
	0.001051	10.0000	0.8688939214	0.8382	3.4355	3.5837	0.2126	-3.819	0.992	-0.935	-2.603	-3.562	-4.330	-5.412	-6.280	-6.413	0.4465	0.5381	49.8	1	-8.429	-0.092	3.0992891788	8
	0.001051	10.0000	0.8688941002	0.8355	3.4385	3.5833	0.2068	-3.826	1.001	-0.934	-2.605	-3.567	-4.336	-5.420	-6.289	-6.422	0.4465	0.5383	50.3	1	-8.387	-0.092	3.0992891788	8
	0.001051	10.0000	0.8688942790	0.8328	3.4414	3.5829	0.2009	-3.833	1.010	-0.932	-2.608	-3.571	-4.342	-5.427	-6.298	-6.432	0.4465	0.5384	50.8	1	-8.346	-0.092	3.0992894173	8
	0.001051	10.0000	0.8688944578	0.8301	3.4443	3.5826	0.1951	-3.841	1.019	-0.931	-2.610	-3.576	-4.348	-5.435	-6.307	-6.441	0.4465	0.5385	51.3	1	-8.306	-0.092	3.0992894173	8
	0.001051	10.0000	0.8688946962	0.8239	3.4469	3.5823	0.1881	-3.847	1.028	-0.929	-2.612	-3.580	-4.354	-5.442	-6.315	-6.449	0.4465	0.5388	51.9	1	-8.256	-0.092	3.0992894173	8
	0.001051	10.0000	0.8688949347	0.8178	3.4494	3.5820	0.1811	-3.853	1.037	-0.928	-2.614	-3.584	-4.359	-5.449	-6.323	-6.457	0.4465	0.5390	52.4	1	-8.209	-0.092	3.0992896557	8
	0.001051	10.0000	0.8688951731	0.8116	3.4519	3.5817	0.1740	-3.860	1.046	-0.926	-2.616	-3.588	-4.364	-5.456	-6.330	-6.466	0.4465	0.5393	53.0	1	-8.165	-0.092	3.0992896557	8
	0.001051	10.0000	0.8688954115	0.8055	3.4545	3.5813	0.1669	-3.866	1.055	-0.925	-2.618	-3.592	-4.370	-5.463	-6.338	-6.474	0.4465	0.5395	116.5	0	-9.968	-0.092	3.0992896557	8
	0.001051	10.0000	0.8688956499	0.7993	3.4570	3.5810	0.1598	-3.873	1.064	-0.923	-2.620	-3.596	-4.375	-5.470	-6.346	-6.482	0.4465	0.5398	118.3	0	-9.895	-0.092	3.0992898941	8
	0.001051	10.0000	0.8688958883	0.7931	3.4596	3.5807	0.1527	-3.879	1.073	-0.922	-2.621	-3.600	-4.380	-5.477	-6.354	-6.490	0.4465	0.5400	120.1	0	-9.821	-0.092	3.0992898941	8
	0.001051	10.0000	0.8688961864	0.7870	3.4621	3.5804	0.1456	-3.885	1.082	-0.920	-2.623	-3.604	-4.386	-5.483	-6.361	-6.498	0.4465	0.5403	122.0	0	-9.747	-0.092	3.0992901325	8
	0.001051	10.0000	0.8688964248	0.7808	3.4647	3.5801	0.1384	-3.892	1.091	-0.919	-2.625	-3.608	-4.391	-5.490	-6.369	-6.506	0.4465	0.5405	123.9	0	-9.672	-0.092	3.0992901325	8
	0.001051	10.0000	0.8688966632	0.7747	3.4672	3.5798	0.1312	-3.898	1.100	-0.917	-2.627	-3.611	-4.396	-5.497	-6.377	-6.514	0.4465	0.5408	125.9	0	-9.598	-0.093	3.0992901325	8
	0.001051	10.0000	0.8688969016	0.7685	3.4698	3.5795	0.1239	-3.904	1.108	-0.915	-2.629	-3.615	-4.402	-5.504	-6.384	-6.522	0.4465	0.5410	127.8	0	-9.522	-0.093	3.0992903709	8
	0.001051	10.0000	0.8688971400	0.7624	3.4723	3.5792	0.1167	-3.911	1.117	-0.913	-2.630	-3.619	-4.407	-5.511	-6.392	-6.530	0.4465	0.5413	129.8	0	-9.447	-0.093	3.0992903709	8
	0.001051	10.0000	0.8688973784	0.7562	3.4748	3.5789	0.1094	-3.917	1.125	-0.911	-2.632	-3.622	-4.412	-5.518	-6.400	-6.538	0.4465	0.5415	131.9	0	-9.371	-0.093	3.0992903709	8
	0.001051	10.0000	0.8688976169	0.7501	3.4774	3.5786	0.1021	-3.923	1.134	-0.910	-2.633	-3.626	-4.417	-5.524	-6.407	-6.547	0.4465	0.5418	134.0	0	-9.295	-0.093	3.0992906094	8
	0.001051	10.0000	0.8688978553	0.7439	3.4799	3.5783	0.0947	-3.930	1.143	-0.908	-2.635	-3.630	-4.423	-5.531	-6.415	-6.555	0.4465	0.5420	136.1	0	-9.218	-0.093	3.0992906094	8
	0.001051	10.0000	0.8688980937	0.7378	3.4825	3.5780	0.0873	-3.936	1.151	-0.906	-2.636	-3.633	-4.428	-5.538	-6.423	-6.563	0.4465	0.5423	138.3	0	-9.141	-0.093	3.0992908478	8
	0.001051	10.0000	0.8688983321	0.7316	3.4850	3.5777	0.0799	-3.943	1.160	-0.904	-2.638	-3.637	-4.433	-5.545	-6.430	-6.571	0.4465	0.5425	140.5	0	-9.063	-0.093	3.0992908478	8
	0.001051	10.0000	0.8688985705	0.7255	3.4876	3.5774	0.0725	-3.949	1.169	-0.902	-2.640	-3.641	-4.438	-5.552	-6.438	-6.579	0.4465	0.5428	142.8	0	-8.985	-0.093	3.0992908478	8
	0.001051	10.0000	0.8688988090	0.7193	3.4901	3.5771	0.0650	-3.955	1.177	-0.900	-2.641	-3.644	-4.444	-5.558	-6.446	-6.587	0.4465	0.5430	145.1	0	-8.907	-0.093	3.0992910862	8
	0.001051	10.0000	0.8688990474	0.7131	3.4927	3.5767	0.0575	-3.962	1.186	-0.898	-2.643	-3.648	-4.449	-5.565	-6.453	-6.595	0.4465	0.5433	147.5	0	-8.828	-0.093	3.0992910862	8
	0.001051	10.0000	0.8688993454	0.7070	3.4952	3.5764	0.0500	-3.968	1.195	-0.896	-2.644	-3.652	-4.454	-5.572	-6.461	-6.603	0.4465	0.5435	149.9	0	-8.749	-0.094	3.0992910862	8
	0.001051	10.0000	0.8688995838	0.7008	3.4978	3.5761	0.0424	-3.974	1.204	-0.894	-2.646	-3.655	-4.459	-5.579	-6.469	-6.611	0.4465	0.5438	152.4	0	-8.669	-0.094	3.0992913246	8
	0.001051	10.0000	0.8688998222	0.6947	3.5003	3.5758	0.0348	-3.981	1.213	-0.892	-2.648	-3.659	-4.465	-5.586	-6.476	-6.619	0.4465	0.5440	154.9	0	-8.589	-0.094	3.0992913246	8
	0.001051	10.0000	0.8689000607	0.6885	3.5028	3.5755	0.0272	-3.987	1.222	-0.890	-2.649	-3.663	-4.470	-5.593	-6.484	-6.627	0.4465	0.5443	157.5	0	-8.508	-0.094	3.0992915630	8
	0.001051	10.0000	0.8689002991	0.6824	3.5054	3.5752	0.0195	-3.993	1.230	-0.888	-2.651	-3.666	-4.475	-5.599	-6.492	-6.635	0.4465	0.5445	160.1	0	-8.427	-0.094	3.0992915630	8
	0.001051	10.0000	0.8689005375	0.6762	3.5079	3.5749	0.0118	-4.000	1.239	-0.886	-2.652	-3.670	-4.480	-5.606	-6.499	-6.643	0.4465	0.5448	162.7	0	-8.345	-0.094	3.0992915630	8
	0.001051	10.0000	0.8689007759	0.6701	3.5105	3.5746	0.0041	-4.006	1.248	-0.884	-2.654	-3.674	-4.486	-5.613	-6.507	-6.651	0.4465	0.5450	165.5	0	-8.263	-0.094	3.0992918015	8
	0.001051	10.0000	0.8689008951	0.6656	3.5119	3.5767	0.0082	-4.010	1.180	-0.929	-2.686	-3.695	-4.498	-5.615	-6.501	-6.643	0.4465	0.5451	163.9	0	-8.275	-0.094	3.0992918015	8
	0.001051	10.0000	0.8689010739	0.6611	3.5134	3.5788	0.0123	-4.013	1.112	-0.974	-2.718	-3.716	-4.510	-5.618	-6.495	-6.634	0.4465	0.5453	162.3	0	-8.286	-0.094	3.0992918015	8
	0.001051	10.0000	0.8689011931	0.6566	3.5148	3.5810	0.0163	-4.017	1.041	-1.018	-2.749	-3.736	-4.522	-5.620	-6.488	-6.625	0.4465	0.5454	160.8	0	-8.297	-0.094	3.0992918015	8
	0.001051	10.0000	0.8689013720	0.6521	3.5163	3.5831	0.0204	-4.021	0.968	-1.061	-2.779	-3.756	-4.534	-5.622	-6.482	-6.616	0.4465	0.5455	159.3	0	-8.308	-0.094	3.0992920399	8
	0.001051	10.0000	0.8689014912	0.6476	3.5177	3.5852	0.0244	-4.024	0.896	-1.104	-2.809	-3.775	-4.546	-5.624	-6.475	-6.607	0.4465	0.5456	157.8	0	-8.319	-0.094	3.0992920399	8
	0.001051	10.0000	0.8689016104	0.6431	3.5191	3.5873	0.0284	-4.028	0.823	-1.147	-2.839	-3.794	-4.558	-5.626	-6.469	-6.598	0.4465	0.5458	156.3	0	-8.329	-0.094	3.0992920399	8
	0.001051	10.0000	0.8689017892	0.6386	3.5206	3.5894	0.0324	-4.031	0.750	-1.191	-2.869	-3.813	-4.569	-5.628	-6.462	-6.589	0.4465	0.5459	154.8	0	-8.339	-0.094	3.0992920399	8
	0.001051	10.0000	0.8689019084	0.6342	3.5220	3.5915	0.0364	-4.035	0.679	-1.232	-2.898	-3.831	-4.581	-5.629	-6.455	-6.579	0.4465	0.5460	153.4	0	-8.349	-0.094	3.0992920399	8
	0.001051	10.0000	0.8689020276	0.6297	3.5235	3.5937	0.0403	-4.039	0.609	-1.274	-2.927	-3.850	-4.593	-5.631	-6.448	-6.570	0.4465	0.5461	152.0	0	-8.358	-0.094	3.0992922783	8
	0.001051	10.0000	0.8689022064	0.6252	3.5249	3.5958	0.0442	-4.042	0.539	-1.315	-2.955	-3.868	-4.604	-5.632	-6.440	-6.561	0.4465	0.5462	150.6	0	-8.367	-0.094	3.0992922783	8
	0.001051	10.0000	0.8689023256	0.6207	3.5264	3.5979	0.0481	-4.046	0.468	-1.357	-2.984	-3.886	-4.616	-5.634	-6.432	-6.551	0.4465	0.5464	149.2	0	-8.376	-0.094	3.0992922783	8
	0.001051	10.0000	0.8689025044	0.6162	3.5278	3.6000	0.0520	-4.050	0.398	-1.398	-3.012	-3.904	-4.627	-5.635	-6.425	-6.542	0.4465	0.5465	147.8	0	-8.385	-0.094	3.0992922783	8
	0.001051	10.0000	0.8689026237	0.6117	3.5293	3.6021	0.0558	-4.053	0.333	-1.435	-3.037	-3.920	-4.637	-5.636	-6.419	-6.533	0.4465	0.5466	146.5	0	-8.393	-0.094	3.0992922783	8
	0.001051	10.0000	0.8689027429	0.6072	3.5307	3.6043	0.0597	-4.057	0.268	-1.473	-3.062	-3.936	-4.647	-5.637	-6.412	-6.524	0.4465	0.5467	145.1	0	-8.401	-0.094	3.0992925167	8
	0.001051	10.0000	0.8689029217	0.6027	3.5321	3.6064	0.0635	-4.060	0.203	-1.510	-3.086	-3.952	-4.657	-5.638	-6.406	-6.515	0.4465	0.5469	143.8	0	-8.408	-0.094	3.0992925167	8
	0.001051	10.0000	0.8689030409	0.5982	3.5336	3.6085	0.0673	-4.064	0.137	-1.547	-3.111	-3.968	-4.667	-5.639	-6.399	-6.507	0.4465	0.5470	142.6	0	-8.415	-0.094	3.0992925167	8
	0.001051	10.0000	0.8689032197	0.5937	3.5350	3.6106	0.0710	-4.068	0.070	-1.585	-3.136	-3.984	-4.677	-5.639	-6.392	-6.497	0.4465	0.5471	141.3	0	-8.422	-0.094	3.0992925167	8
	0.001051	10.0000	0.8689033389	0.5893	3.5365	3.6127	0.0747	-4.071	-0.001	-1.625	-3.162	-4.000	-4.687	-5.639	-6.384	-6.487	0.4465	0.5472	140.0	0	-8.429	-0.094	3.0992927551	8
	0.001051	10.0000	0.8689034581	0.5848	3.5379	3.6148	0.0785	-4.075	-0.072	-1.664	-3.187	-4.017	-4.697	-5.639	-6.375	-6.477	0.4465	0.5473	138.8	0	-8.435	-0.094	3.0992927551	8
	0.001051	10.0000	0.8689036369	0.5803	3.5394	3.6170	0.0821	-4.078	-0.144	-1.703	-3.213	-4.033	-4.707	-5.640	-6.366	-6.467	0.4465	0.5475	137.6	0	-8.441	-0.094	3.0992927551	8
	0.001051	10.0000	0.8689037561	0.5758	3.5408	3.6191	0.0858	-4.082	-0.215	-1.743	-3.238	-4.050	-4.717	-5.640	-6.358	-6.457	0.4465	0.5476	136.4	0	-8.446	-0.094	3.0992927551	8
	0.001051	10.0000	0.8689038754	0.5713	3.5423	3.6212	0.0894	-4.086	-0.285	-1.782	-3.263	-4.066	-4.727	-5.639	-6.349	-6.446	0.4465	0.5477	135.2	0	-8.451	-0.094	3.0992927551	8
	0.001051	10.0000	0.8689040542	0.5668	3.5437	3.6233	0.0930	-4.089	-0.356	-1.820	-3.287	-4.081	-4.736	-5.639	-6.340	-6.436	0.4465	0.5478	134.1	0	-8.456	-0.094	3.0992929935	8
	0.001051	10.0000	0.8689041734	0.5623	3.5451	3.6254	0.0966	-4.093	-0.426	-1.858	-3.311	-4.096	-4.746	-5.638	-6.331	-6.425	0.4465	0.5480	132.9	0	-8.461	-0.094	3.0992929935	8
	0.001051	10.0000	0.8689043522	0.5578	3.5466	3.6276	0.1001	-4.096	-0.496	-1.897	-3.334	-4.111	-4.755	-5.638	-6.322	-6.415	0.4465	0.5481	131.8	0	-8.465	-0.094	3.0992929935	8
	0.001051	10.0000	0.8689044714	0.5533	3.5480	3.6297	0.1037	-4.100	-0.567	-1.935	-3.358	-4.127	-4.765	-5.637	-6.312	-6.405	0.4465	0.5482	130.7	0	-8.468	-0.094	3.0992929935	8
