# File generated by CMD 2.8 (http://stev.oapd.inaf.it/cmd) on Mon Sep  5 21:24:40 CEST 2016
# isochrones PARSEC release v1.2S + COLIBRI release PR16
# Basic references: Bressan et al. (2012), MNRAS, 427, 127 + Chen et al. (2014, 2015), MNRAS, 444, 2525 + MNRAS, 452, 1068 + Tang et al. (2014), MNRAS, 445, 4287 + Rosenfield et al. (2016, arXiv:1603.05283)
# Photometric system: <i>UBVRIJHK</i> (cf. Maiz-Apellaniz 2006 + Bessell 1990)
# Using NBC version of bolometric corrections as in Chen et al. (2014), MNRAS, 444, 2525
# BCs of Carbon stars derive from Aringer et al. (2009, A&A 503, 913)
# O-rich circumstellar dust ignored
# C-rich circumstellar dust ignored
# IMF: Chabrier (2001) lognormal 
# On RGB, assumed Reimers mass loss with efficiency eta=0.2
# Kind of output: isochrone tables
#	Isochrone  Z = 0.00087	Y = 0.24981	[M/H] = -1.249	eta_R = 0.200	Age = 	1.1780e+10 yr
#      Z	log(age/yr)	M_ini   	M_act	logL/Lo	logTe	logG	mbol    U       B       V       R       I       J       H       K	C/O	M_hec	period	pmode	logMdot	slope	int_IMF	stage
	0.000875	10.0711	0.0900000036	0.0900	-3.2060	3.4603	5.3915	12.785	20.745	17.956	15.945	14.054	12.237	10.783	10.431	10.297	0.4787	0.0000	0.0	1	-18.038	0.000	1.4676543474	1
	0.000875	10.0711	0.0921499655	0.0921	-3.1475	3.4687	5.3767	12.639	20.219	17.566	15.574	13.796	12.071	10.664	10.280	10.142	0.4787	0.0000	0.0	1	-18.028	0.000	1.4906245470	1
	0.000875	10.0711	0.1000000015	0.1000	-2.9449	3.4976	5.3251	12.132	18.437	16.261	14.358	12.916	11.513	10.255	9.780	9.619	0.4787	0.0000	0.0	1	-17.993	0.000	1.5704020262	1
	0.000875	10.0711	0.1144177616	0.1144	-2.7350	3.5215	5.2696	11.608	16.966	15.162	13.383	12.128	10.962	9.809	9.286	9.105	0.4787	0.0000	0.0	1	-17.934	0.000	1.7016419172	1
	0.000875	10.0711	0.1199999973	0.1200	-2.6608	3.5300	5.2500	11.422	16.487	14.794	13.069	11.864	10.768	9.650	9.114	8.929	0.4787	0.0000	0.0	1	-17.914	0.000	1.7478251457	1
	0.000875	10.0711	0.1400000006	0.1400	-2.4791	3.5461	5.1997	10.968	15.520	14.021	12.404	11.278	10.301	9.245	8.693	8.499	0.4787	0.0000	0.0	1	-17.847	0.000	1.8958495855	1
	0.000875	10.0711	0.1599999964	0.1600	-2.3388	3.5565	5.1589	10.617	14.865	13.480	11.932	10.853	9.945	8.926	8.365	8.167	0.4787	0.0000	0.0	1	-17.789	0.000	2.0211524963	1
	0.000875	10.0711	0.2000000030	0.2000	-2.1176	3.5704	5.0904	10.064	13.926	12.687	11.232	10.212	9.387	8.416	7.846	7.643	0.4787	0.0000	0.0	1	-17.692	0.000	2.2217822075	1
	0.000875	10.0711	0.2005015463	0.2005	-2.1153	3.5706	5.0896	10.058	13.917	12.680	11.225	10.206	9.381	8.410	7.840	7.637	0.4787	0.0000	0.0	1	-17.691	0.000	2.2239639759	1
	0.000875	10.0711	0.2500000000	0.2500	-1.9130	3.5816	5.0274	9.552	13.140	12.002	10.618	9.645	8.872	7.936	7.362	7.157	0.4787	0.0000	0.0	1	-17.573	0.000	2.4080901146	1
	0.000875	10.0711	0.3000000119	0.3000	-1.7563	3.5901	4.9839	9.161	12.547	11.485	10.153	9.217	8.478	7.569	6.991	6.788	0.4787	0.0000	0.0	1	-16.636	0.000	2.5475041866	1
	0.000875	10.0711	0.3499999940	0.3500	-1.6290	3.5973	4.9523	8.842	12.074	11.067	9.777	8.871	8.157	7.270	6.689	6.492	0.4787	0.0000	0.0	1	-15.843	0.000	2.6555202007	1
	0.000875	10.0711	0.4000000060	0.4000	-1.4800	3.6085	4.9059	8.470	11.474	10.545	9.321	8.459	7.781	6.926	6.342	6.157	0.4787	0.0000	0.0	1	-15.157	0.000	2.7413372993	1
	0.000875	10.0711	0.4499999881	0.4500	-1.3028	3.6263	4.8511	8.027	10.695	9.879	8.752	7.962	7.336	6.530	5.939	5.779	0.4787	0.0000	0.0	1	-14.551	0.000	2.8109800816	1
	0.000875	10.0711	0.5000000000	0.4999	-1.0997	3.6545	4.8068	7.519	9.671	9.040	8.059	7.377	6.831	6.098	5.525	5.402	0.4787	0.0000	0.0	1	-14.010	0.000	2.8684780598	1
	0.000875	10.0711	0.5500000119	0.5499	-0.8787	3.6844	4.7466	6.967	8.553	8.177	7.331	6.762	6.286	5.642	5.129	5.032	0.4787	0.0000	0.0	1	-13.520	0.000	2.9166350365	1
	0.000875	10.0711	0.6000000238	0.5999	-0.6712	3.7130	4.6913	6.448	7.568	7.435	6.695	6.209	5.784	5.230	4.790	4.709	0.4787	0.0000	0.0	1	-13.073	0.000	2.9573988914	1
	0.000875	10.0711	0.6016065478	0.6015	-0.6643	3.7140	4.6897	6.431	7.537	7.410	6.675	6.191	5.768	5.217	4.779	4.699	0.4787	0.0000	0.0	1	-13.059	0.000	2.9586057663	1
	0.000875	10.0711	0.6163449287	0.6162	-0.6009	3.7235	4.6744	6.272	7.251	7.191	6.489	6.028	5.620	5.096	4.680	4.605	0.4787	0.0000	0.0	1	-12.935	0.000	2.9694077969	1
	0.000875	10.0711	0.6289882064	0.6288	-0.5464	3.7314	4.6605	6.136	7.016	7.007	6.334	5.889	5.494	4.993	4.594	4.523	0.4787	0.0000	0.0	1	-12.831	0.000	2.9783051014	1
	0.000875	10.0711	0.6412464380	0.6410	-0.4932	3.7390	4.6459	6.003	6.799	6.833	6.185	5.756	5.372	4.890	4.507	4.440	0.4787	0.0000	0.0	1	-12.732	0.000	2.9866182804	1
	0.000875	10.0711	0.6499999762	0.6498	-0.4549	3.7443	4.6348	5.907	6.648	6.709	6.081	5.662	5.286	4.817	4.445	4.381	0.4787	0.0000	0.0	1	-12.662	0.000	2.9923686981	1
	0.000875	10.0711	0.6548819542	0.6546	-0.4336	3.7470	4.6276	5.854	6.567	6.641	6.023	5.609	5.237	4.776	4.408	4.346	0.4787	0.0000	0.0	1	-12.624	0.000	2.9955110550	1
	0.000875	10.0711	0.6680595875	0.6678	-0.3754	3.7542	4.6067	5.709	6.352	6.459	5.867	5.467	5.106	4.663	4.308	4.251	0.4787	0.0000	0.0	1	-12.521	0.000	3.0037705898	1
	0.000875	10.0711	0.6802595258	0.6800	-0.3206	3.7606	4.5855	5.572	6.156	6.289	5.721	5.334	4.983	4.556	4.213	4.159	0.4787	0.0000	0.0	1	-12.428	0.000	3.0111405849	1
	0.000875	10.0711	0.6914672256	0.6911	-0.2692	3.7663	4.5640	5.443	5.981	6.135	5.587	5.210	4.868	4.454	4.121	4.070	0.4787	0.0000	0.0	1	-12.345	0.000	3.0176889896	1
	0.000875	10.0711	0.6999999881	0.6996	-0.2291	3.7705	4.5461	5.343	5.848	6.016	5.482	5.114	4.778	4.374	4.048	4.000	0.4787	0.0000	0.0	1	-12.282	0.000	3.0225379467	1
	0.000875	10.0711	0.7102542520	0.7099	-0.1793	3.7754	4.5219	5.218	5.688	5.871	5.354	4.995	4.668	4.275	3.957	3.913	0.4787	0.0000	0.0	1	-12.211	0.000	3.0282158852	1
	0.000875	10.0711	0.7211677432	0.7207	-0.1243	3.7803	4.4932	5.081	5.516	5.711	5.212	4.864	4.545	4.164	3.854	3.814	0.4787	0.0000	0.0	1	-12.134	0.000	3.0340867043	1
	0.000875	10.0711	0.7314907312	0.7310	-0.0695	3.7847	4.4624	4.944	5.352	5.554	5.073	4.736	4.424	4.051	3.745	3.709	0.4787	0.0000	0.0	1	-12.060	0.000	3.0394835472	1
	0.000875	10.0711	0.7405052185	0.7400	-0.0193	3.7884	4.4324	4.818	5.206	5.411	4.945	4.617	4.312	3.945	3.643	3.611	0.4787	0.0000	0.0	1	-11.996	0.000	3.0440769196	1
	0.000875	10.0711	0.7490103841	0.7484	0.0304	3.7918	4.4009	4.694	5.064	5.271	4.818	4.498	4.199	3.838	3.539	3.511	0.4787	0.0000	0.0	1	-11.936	0.000	3.0483124256	1
	0.000875	10.0711	0.7500000000	0.7494	0.0365	3.7922	4.3969	4.679	5.047	5.254	4.802	4.484	4.185	3.825	3.527	3.499	0.4787	0.0000	0.0	1	-11.929	0.000	3.0487992764	1
	0.000875	10.0711	0.7561218739	0.7555	0.0743	3.7944	4.3714	4.584	4.943	5.150	4.706	4.393	4.097	3.741	3.447	3.421	0.4787	0.0000	0.0	1	-11.886	0.000	3.0517830849	1
	0.000875	10.0711	0.7646315098	0.7639	0.1302	3.7972	4.3318	4.445	4.791	4.997	4.563	4.257	3.967	3.616	3.326	3.302	0.4787	0.0000	0.0	1	-11.828	0.000	3.0558536053	1
	0.000875	10.0711	0.7725468874	0.7718	0.1853	3.7996	4.2904	4.307	4.644	4.847	4.423	4.122	3.836	3.490	3.203	3.182	0.4787	0.0000	0.0	1	-11.776	0.000	3.0595619678	1
	0.000875	10.0711	0.7796216011	0.7788	0.2378	3.8012	4.2485	4.175	4.509	4.708	4.289	3.992	3.709	3.367	3.083	3.063	0.4787	0.0000	0.0	1	-11.732	0.000	3.0628144741	1
	0.000875	10.0711	0.7858213782	0.7849	0.2871	3.8023	4.2068	4.052	4.384	4.579	4.165	3.869	3.589	3.249	2.968	2.947	0.4787	0.0000	0.0	1	-11.696	0.000	3.0656180382	1
	0.000875	10.0711	0.7877009511	0.7868	0.3026	3.8025	4.1932	4.013	4.345	4.538	4.125	3.830	3.550	3.211	2.930	2.910	0.4787	0.0000	0.0	1	-11.685	0.000	3.0664596558	1
	0.000875	10.0711	0.7925444245	0.7915	0.3479	3.8019	4.1480	3.900	4.236	4.425	4.012	3.716	3.435	3.094	2.813	2.792	0.4787	0.0000	0.1	1	-11.659	0.000	3.0686104298	1
	0.000875	10.0711	0.7982989550	0.7972	0.4061	3.7997	4.0842	3.755	4.101	4.285	3.866	3.568	3.284	2.938	2.652	2.631	0.4787	0.0000	0.1	1	-11.630	0.000	3.0711321831	1
	0.000875	10.0711	0.8000000119	0.7989	0.4244	3.7987	4.0629	3.709	4.060	4.242	3.821	3.520	3.235	2.887	2.600	2.578	0.4787	0.0000	0.1	1	-11.621	0.000	3.0718705654	1
	0.000875	10.0711	0.8003583550	0.7992	0.4283	3.7985	4.0584	3.699	4.052	4.233	3.811	3.511	3.225	2.876	2.589	2.567	0.4787	0.0000	0.1	1	-11.620	0.000	3.0720257759	1
	0.000875	10.0711	0.8011690974	0.8000	0.4377	3.7979	4.0469	3.676	4.031	4.212	3.788	3.486	3.200	2.850	2.562	2.539	0.4787	0.0000	0.1	1	-11.616	0.000	3.0723762512	2
	0.000875	10.0711	0.8041134477	0.8029	0.4763	3.7937	3.9931	3.579	3.955	4.131	3.695	3.384	3.091	2.732	2.438	2.412	0.4787	0.0000	0.1	1	-11.603	0.000	3.0736429691	2
	0.000875	10.0711	0.8068313599	0.8056	0.5164	3.7873	3.9290	3.479	3.886	4.057	3.600	3.275	2.972	2.600	2.296	2.265	0.4787	0.0000	0.1	1	-11.591	0.000	3.0748038292	2
	0.000875	10.0711	0.8088367581	0.8075	0.5500	3.7797	3.8660	3.395	3.842	4.007	3.524	3.181	2.865	2.478	2.165	2.126	0.4787	0.0000	0.1	1	-11.583	0.000	3.0756552219	2
	0.000875	10.0711	0.8103891015	0.8090	0.5776	3.7716	3.8067	3.326	3.821	3.972	3.464	3.106	2.777	2.370	2.040	1.997	0.4787	0.0000	0.1	1	-11.577	0.000	3.0763113499	2
	0.000875	10.0711	0.8116761446	0.8102	0.6025	3.7624	3.7457	3.264	3.820	3.952	3.413	3.038	2.695	2.265	1.917	1.869	0.4787	0.0000	0.1	1	-11.572	0.000	3.0768532753	2
	0.000875	10.0711	0.8128253222	0.8113	0.6330	3.7530	3.6782	3.188	3.811	3.920	3.351	2.959	2.601	2.147	1.782	1.729	0.4787	0.0000	0.1	1	-11.568	0.000	3.0773358345	2
	0.000875	10.0711	0.8137171865	0.8122	0.6692	3.7462	3.6150	3.097	3.774	3.863	3.272	2.867	2.499	2.027	1.648	1.591	0.4787	0.0000	0.1	1	-11.565	0.000	3.0777091980	2
	0.000875	10.0711	0.8144257069	0.8129	0.7088	3.7416	3.5575	2.998	3.712	3.787	3.181	2.768	2.393	1.909	1.519	1.461	0.4787	0.0000	0.1	1	-11.562	0.000	3.0780053139	2
	0.000875	10.0711	0.8146713376	0.8131	0.7241	3.7401	3.5365	2.960	3.685	3.756	3.145	2.730	2.353	1.865	1.472	1.412	0.4787	0.0000	0.1	1	-11.562	0.000	3.0781080723	3
	0.000875	10.0711	0.8150841594	0.8135	0.7538	3.7381	3.4992	2.886	3.628	3.693	3.075	2.657	2.276	1.783	1.385	1.325	0.4787	0.0000	0.2	1	-11.560	0.000	3.0782802105	3
	0.000875	10.0711	0.8156151772	0.8140	0.7948	3.7358	3.4491	2.783	3.547	3.603	2.977	2.555	2.171	1.670	1.267	1.206	0.4787	0.0000	0.2	1	-11.559	0.000	3.0785014629	3
	0.000875	10.0711	0.8162046671	0.8145	0.8448	3.7336	3.3905	2.658	3.442	3.489	2.857	2.431	2.043	1.536	1.127	1.065	0.4787	0.0000	0.2	1	-11.557	0.000	3.0787465572	3
	0.000875	10.0711	0.8166909814	0.8149	0.8894	3.7319	3.3391	2.546	3.346	3.387	2.749	2.320	1.929	1.417	1.003	0.941	0.4787	0.0000	0.2	1	-11.556	0.000	3.0789484978	3
	0.000875	10.0711	0.8171554804	0.8153	0.9353	3.7303	3.2871	2.432	3.246	3.281	2.638	2.207	1.813	1.295	0.877	0.814	0.4787	0.0000	0.2	1	-11.554	0.000	3.0791413784	3
	0.000875	10.0711	0.8176273108	0.8157	0.9854	3.7287	3.2309	2.307	3.136	3.164	2.517	2.083	1.687	1.164	0.741	0.678	0.4787	0.0000	0.2	1	-11.553	0.000	3.0793368816	3
	0.000875	10.0711	0.8180570006	0.8161	1.0349	3.7271	3.1754	2.183	3.028	3.049	2.397	1.960	1.562	1.033	0.606	0.543	0.4787	0.0000	0.3	1	-11.552	0.000	3.0795147419	3
	0.000875	10.0711	0.8184775114	0.8164	1.0877	3.7255	3.1161	2.051	2.912	2.927	2.269	1.830	1.428	0.895	0.463	0.399	0.4787	0.0000	0.3	1	-11.551	0.000	3.0796887875	3
	0.000875	10.0711	0.8188320398	0.8167	1.1366	3.7240	3.0614	1.929	2.804	2.813	2.150	1.709	1.305	0.766	0.330	0.266	0.4787	0.0000	0.3	1	-11.550	0.000	3.0798351765	3
	0.000875	10.0711	0.8191562891	0.8169	1.1853	3.7224	3.0067	1.807	2.697	2.700	2.033	1.588	1.182	0.638	0.198	0.133	0.4787	0.0000	0.4	1	-11.550	0.000	3.0799689293	3
	0.000875	10.0711	0.8194630146	0.8171	1.2356	3.7207	2.9497	1.681	2.588	2.584	1.911	1.463	1.055	0.506	0.060	-0.005	0.4787	0.0000	0.4	1	-11.549	0.000	3.0800955296	3
	0.000875	10.0711	0.8197259903	0.8172	1.2828	3.7192	2.8963	1.563	2.488	2.476	1.797	1.346	0.935	0.381	-0.068	-0.134	0.4787	0.0000	0.4	1	-11.549	0.000	3.0802040100	3
	0.000875	10.0711	0.8199728131	0.8174	1.3310	3.7175	2.8414	1.442	2.386	2.367	1.681	1.227	0.813	0.254	-0.201	-0.267	0.4787	0.0000	0.5	1	-11.549	0.000	3.0803055763	3
	0.000875	10.0711	0.8201928139	0.8175	1.3779	3.7157	2.7876	1.325	2.289	2.261	1.569	1.112	0.695	0.130	-0.330	-0.397	0.4787	0.0000	0.5	1	-11.549	0.000	3.0803961754	3
	0.000875	10.0711	0.8203999400	0.8175	1.4261	3.7140	2.7322	1.205	2.188	2.152	1.453	0.993	0.573	0.002	-0.463	-0.530	0.4787	0.0000	0.6	1	-11.549	0.000	3.0804812908	3
	0.000875	10.0711	0.8205827475	0.8175	1.4727	3.7122	2.6784	1.088	2.092	2.048	1.342	0.878	0.455	-0.122	-0.592	-0.660	0.4787	0.0000	0.6	1	-11.549	0.000	3.0805566311	3
	0.000875	10.0711	0.8207450509	0.8175	1.5178	3.7103	2.6259	0.975	1.999	1.948	1.235	0.767	0.341	-0.242	-0.717	-0.786	0.4787	0.0000	0.7	1	-11.549	0.000	3.0806231499	3
	0.000875	10.0711	0.8208956718	0.8175	1.5634	3.7084	2.5728	0.861	1.907	1.847	1.127	0.656	0.226	-0.363	-0.844	-0.913	0.4787	0.0000	0.8	1	-11.550	0.000	3.0806851387	3
	0.000875	10.0711	0.8210295439	0.8174	1.6075	3.7066	2.5213	0.751	1.819	1.750	1.023	0.548	0.115	-0.480	-0.967	-1.037	0.4787	0.0000	0.8	1	-11.550	0.000	3.0807402134	3
	0.000875	10.0711	0.8211528659	0.8174	1.6515	3.7046	2.4695	0.641	1.735	1.654	0.919	0.440	0.003	-0.598	-1.089	-1.160	0.4787	0.0000	0.9	1	-11.551	0.000	3.0807907581	3
	0.000875	10.0711	0.8212671280	0.8172	1.6958	3.7027	2.4175	0.531	1.652	1.558	0.813	0.330	-0.110	-0.716	-1.213	-1.284	0.4787	0.0000	1.0	1	-11.552	0.000	3.0808377266	3
	0.000875	10.0711	0.8213704228	0.8171	1.7391	3.7007	2.3659	0.422	1.573	1.466	0.711	0.224	-0.220	-0.833	-1.334	-1.406	0.4787	0.0000	1.1	1	-11.553	0.000	3.0808801651	3
	0.000875	10.0711	0.8214630485	0.8170	1.7810	3.6987	2.3160	0.317	1.498	1.377	0.613	0.121	-0.327	-0.946	-1.452	-1.525	0.4787	0.0000	1.2	1	-11.554	0.000	3.0809180737	3
	0.000875	10.0711	0.8215495348	0.8168	1.8229	3.6967	2.2659	0.213	1.424	1.289	0.515	0.019	-0.433	-1.058	-1.570	-1.643	0.4787	0.0000	1.3	1	-11.555	0.000	3.0809535980	3
	0.000875	10.0711	0.8216295838	0.8166	1.8642	3.6946	2.2163	0.110	1.352	1.203	0.419	-0.082	-0.537	-1.169	-1.687	-1.761	0.4787	0.0000	1.4	1	-11.556	0.000	3.0809864998	3
	0.000875	10.0711	0.8217050433	0.8163	1.9047	3.6926	2.1677	0.008	1.282	1.119	0.324	-0.181	-0.640	-1.278	-1.801	-1.876	0.4787	0.0000	1.6	1	-11.558	0.000	3.0810172558	3
	0.000875	10.0711	0.8217743039	0.8160	1.9408	3.6908	2.1239	-0.082	1.220	1.045	0.240	-0.269	-0.732	-1.376	-1.904	-1.979	0.4787	0.0000	1.7	1	-11.560	0.000	3.0810456276	3
	0.000875	10.0711	0.8218795061	0.8155	1.9786	3.6890	2.0788	-0.177	1.154	0.967	0.153	-0.361	-0.827	-1.477	-2.010	-2.086	0.4787	0.0000	1.8	1	-11.562	0.000	3.0810887814	3
	0.000875	10.0711	0.8219501972	0.8152	1.9557	3.6906	2.1081	-0.119	1.186	1.009	0.203	-0.306	-0.769	-1.414	-1.942	-2.017	0.4787	0.0000	1.7	1	-11.563	0.000	3.0811178684	3
	0.000875	10.0711	0.8219885230	0.8150	1.9835	3.6892	2.0745	-0.189	1.140	0.953	0.139	-0.373	-0.839	-1.488	-2.021	-2.096	0.4787	0.0000	1.8	1	-11.564	0.000	3.0811336040	3
	0.000875	10.0711	0.8220466971	0.8147	2.0271	3.6868	2.0213	-0.298	1.070	0.866	0.040	-0.478	-0.948	-1.606	-2.146	-2.222	0.4787	0.0000	2.0	1	-11.566	0.000	3.0811574459	3
	0.000875	10.0711	0.8221008182	0.8143	2.0700	3.6845	1.9687	-0.405	1.005	0.782	-0.057	-0.581	-1.056	-1.722	-2.270	-2.347	0.4787	0.0000	2.2	1	-11.569	0.000	3.0811796188	3
	0.000875	10.0711	0.8221507668	0.8139	2.1123	3.6821	1.9168	-0.511	0.944	0.700	-0.153	-0.682	-1.162	-1.837	-2.393	-2.471	0.4787	0.0000	2.4	1	-11.571	0.000	3.0811998844	3
	0.000875	10.0711	0.8221946359	0.8135	2.1525	3.6798	1.8671	-0.611	0.889	0.624	-0.243	-0.779	-1.263	-1.946	-2.510	-2.588	0.4787	0.0000	2.6	1	-11.574	0.000	3.0812180042	3
	0.000875	10.0711	0.8222373724	0.8130	2.1945	3.6774	1.8151	-0.716	0.834	0.545	-0.337	-0.879	-1.368	-2.061	-2.632	-2.711	0.4787	0.0000	2.9	1	-11.578	0.000	3.0812354088	3
	0.000875	10.0711	0.8222749829	0.8125	2.2344	3.6750	1.7653	-0.816	0.785	0.472	-0.425	-0.974	-1.468	-2.169	-2.748	-2.828	0.4787	0.0000	3.1	1	-11.582	0.000	3.0812509060	3
	0.000875	10.0711	0.8223114610	0.8119	2.2761	3.6725	1.7133	-0.920	0.732	0.396	-0.517	-1.073	-1.572	-2.282	-2.869	-2.949	0.4787	0.0000	3.4	1	-11.586	0.000	3.0812656879	3
	0.000875	10.0711	0.8223438263	0.8113	2.3162	3.6700	1.6629	-1.020	0.684	0.324	-0.605	-1.168	-1.673	-2.392	-2.987	-3.067	0.4787	0.0000	3.7	1	-11.591	0.000	3.0812790394	3
	0.000875	10.0711	0.8223815560	0.8105	2.3668	3.6668	1.5991	-1.147	0.629	0.235	-0.714	-1.286	-1.799	-2.529	-3.134	-3.216	0.4787	0.0000	4.2	1	-11.597	0.000	3.0812945366	3
	0.000875	10.0711	0.8224151134	0.8096	2.4160	3.6636	1.5365	-1.270	0.579	0.150	-0.819	-1.401	-1.921	-2.663	-3.279	-3.361	0.4787	0.0000	4.7	1	-11.605	0.000	3.0813081264	3
	0.000875	10.0711	0.8224414587	0.8087	2.4578	3.6608	1.4834	-1.375	0.536	0.078	-0.908	-1.499	-2.024	-2.777	-3.401	-3.485	0.4787	0.0000	5.1	1	-11.612	0.000	3.0813190937	3
	0.000875	10.0711	0.8224694133	0.8077	2.5060	3.6576	1.4218	-1.495	0.490	-0.003	-1.008	-1.609	-2.143	-2.907	-3.542	-3.627	0.4787	0.0000	5.7	1	-11.621	0.000	3.0813305378	3
	0.000875	10.0711	0.8224918842	0.8066	2.5476	3.6548	1.3682	-1.599	0.454	-0.071	-1.094	-1.704	-2.245	-3.020	-3.665	-3.751	0.4787	0.0000	6.2	1	-11.631	0.000	3.0813395977	3
	0.000875	10.0711	0.8225154877	0.8054	2.5949	3.6515	1.3072	-1.717	0.415	-0.148	-1.191	-1.811	-2.360	-3.148	-3.804	-3.891	0.4787	0.0000	6.9	1	-11.643	0.000	3.0813493729	3
	0.000875	10.0711	0.8225381374	0.8039	2.6440	3.6482	1.2439	-1.840	0.376	-0.226	-1.291	-1.922	-2.479	-3.281	-3.948	-4.037	0.4787	0.0000	7.8	1	-11.657	0.000	3.0813584328	3
	0.000875	10.0711	0.8225592375	0.8022	2.6938	3.6446	1.1787	-1.965	0.343	-0.302	-1.390	-2.033	-2.600	-3.416	-4.096	-4.186	0.4787	0.0000	8.7	1	-11.673	0.000	3.0813672543	3
	0.000875	10.0711	0.8225775957	0.8005	2.7408	3.6412	1.1174	-2.082	0.313	-0.374	-1.484	-2.138	-2.713	-3.542	-4.235	-4.327	0.4787	0.0000	9.7	1	-11.692	0.000	3.0813746452	3
	0.000875	10.0711	0.8225955367	0.7984	2.7907	3.6376	1.0519	-2.207	0.285	-0.448	-1.581	-2.248	-2.833	-3.676	-4.382	-4.475	0.4787	0.0000	10.8	1	-11.714	0.000	3.0813820362	3
	0.000875	10.0711	0.8226111531	0.7962	2.8376	3.6341	0.9898	-2.324	0.272	-0.511	-1.670	-2.351	-2.945	-3.803	-4.520	-4.615	0.4787	0.0000	12.1	1	-11.738	0.000	3.0813884735	3
	0.000875	10.0711	0.8226262331	0.7937	2.8865	3.6305	0.9253	-2.446	0.302	-0.564	-1.761	-2.461	-3.065	-3.937	-4.662	-4.759	0.4787	0.0000	13.5	1	-11.767	0.000	3.0813946724	3
	0.000875	10.0711	0.8226404190	0.7909	2.9360	3.6267	0.8587	-2.570	0.346	-0.610	-1.849	-2.568	-3.185	-4.072	-4.808	-4.907	0.4787	0.0000	15.2	1	-11.801	0.000	3.0814003944	3
	0.000875	10.0711	0.8226527572	0.7878	2.9828	3.6231	0.7959	-2.687	0.391	-0.653	-1.931	-2.670	-3.299	-4.200	-4.945	-5.045	0.4787	0.0000	17.0	1	-11.838	0.000	3.0814054012	3
	0.000875	10.0711	0.8226647377	0.7843	3.0318	3.6194	0.7302	-2.809	0.441	-0.696	-2.018	-2.775	-3.417	-4.333	-5.088	-5.190	0.4787	0.0000	19.1	1	-11.802	0.000	3.0814104080	3
	0.000875	10.0711	0.8226760030	0.7802	3.0811	3.6155	0.6630	-2.933	0.503	-0.734	-2.100	-2.879	-3.534	-4.467	-5.233	-5.337	0.4787	0.0000	21.5	1	-11.345	0.000	3.0814149380	3
	0.000875	10.0711	0.8226861954	0.7758	3.1293	3.6118	0.5976	-3.053	0.563	-0.772	-2.181	-2.980	-3.648	-4.597	-5.373	-5.479	0.4787	0.0000	24.1	1	-10.906	0.000	3.0814189911	3
	0.000875	10.0711	0.8226963878	0.7704	3.1809	3.6078	0.5269	-3.182	0.636	-0.808	-2.265	-3.087	-3.769	-4.736	-5.524	-5.632	0.4787	0.0000	27.3	1	-10.440	0.000	3.0814232826	3
	0.000875	10.0711	0.8227054477	0.7645	3.2304	3.6039	0.4586	-3.306	0.690	-0.845	-2.343	-3.187	-3.883	-4.868	-5.669	-5.779	0.4787	0.0000	30.9	1	-9.998	0.000	3.0814270973	3
	0.000875	10.0711	0.8227142096	0.7574	3.2807	3.6000	0.3886	-3.432	0.730	-0.886	-2.422	-3.288	-3.998	-5.002	-5.814	-5.929	0.4787	0.0000	35.0	1	-9.556	0.000	3.0814306736	3
	0.000875	10.0711	0.8227216005	0.7505	3.3220	3.5968	0.3303	-3.535	0.767	-0.915	-2.484	-3.370	-4.092	-5.111	-5.933	-6.051	0.4787	0.0000	38.8	1	-9.199	0.000	3.0814335346	4
	0.000875	10.0711	0.8227216005	0.7505	1.7330	3.7469	2.5199	0.437	1.124	1.168	0.604	0.211	-0.152	-0.631	-1.018	-1.069	0.4787	0.0000	0.8	1	-11.924	0.000	3.0814335346	4
	0.000875	10.0711	0.8227785826	0.7506	1.7507	3.7455	2.4968	0.393	1.091	1.131	0.563	0.167	-0.198	-0.682	-1.072	-1.123	0.4787	0.0000	0.9	1	-11.924	0.000	3.0814568996	4
	0.000875	10.0711	0.8228298426	0.7506	1.7527	3.7455	2.4946	0.388	1.086	1.127	0.558	0.162	-0.203	-0.687	-1.077	-1.128	0.4787	0.0000	0.9	1	-11.923	0.000	3.0814778805	4
	0.000875	10.0711	0.8228821754	0.7507	1.7540	3.7456	2.4940	0.385	1.082	1.122	0.554	0.159	-0.206	-0.690	-1.079	-1.130	0.4787	0.0000	0.9	1	-11.923	0.000	3.0814993382	4
	0.000875	10.0711	0.8229354024	0.7508	1.7545	3.7460	2.4951	0.384	1.078	1.119	0.552	0.158	-0.207	-0.689	-1.078	-1.129	0.4787	0.0000	0.9	1	-11.923	0.000	3.0815210342	4
	0.000875	10.0711	0.8229894638	0.7508	1.7543	3.7467	2.4978	0.384	1.073	1.116	0.551	0.158	-0.205	-0.686	-1.073	-1.124	0.4787	0.0000	0.9	1	-11.922	0.000	3.0815432072	4
	0.000875	10.0711	0.8230417967	0.7509	1.7536	3.7474	2.5016	0.386	1.070	1.113	0.552	0.160	-0.202	-0.681	-1.067	-1.117	0.4787	0.0000	0.9	1	-11.922	0.000	3.0815644264	4
	0.000875	10.0711	0.8230971694	0.7509	1.7525	3.7483	2.5065	0.389	1.066	1.111	0.552	0.162	-0.198	-0.674	-1.058	-1.107	0.4787	0.0000	0.9	1	-11.921	0.000	3.0815870762	4
	0.000875	10.0711	0.8231500387	0.7510	1.7512	3.7493	2.5115	0.392	1.062	1.109	0.554	0.165	-0.193	-0.667	-1.048	-1.098	0.4787	0.0000	0.8	1	-11.921	0.000	3.0816087723	4
	0.000875	10.0711	0.8232055306	0.7511	1.7499	3.7502	2.5167	0.395	1.058	1.106	0.555	0.169	-0.188	-0.659	-1.038	-1.087	0.4787	0.0000	0.8	1	-11.920	0.000	3.0816314220	4
	0.000875	10.0711	0.8232607841	0.7511	1.7487	3.7511	2.5215	0.398	1.055	1.104	0.556	0.171	-0.184	-0.653	-1.029	-1.078	0.4787	0.0000	0.8	1	-11.920	0.000	3.0816538334	4
	0.000875	10.0711	0.8233178258	0.7512	1.7476	3.7520	2.5262	0.401	1.052	1.102	0.557	0.174	-0.180	-0.646	-1.021	-1.069	0.4787	0.0000	0.8	1	-11.919	0.000	3.0816771984	4
	0.000875	10.0711	0.8233749270	0.7513	1.7467	3.7528	2.5304	0.403	1.050	1.100	0.558	0.177	-0.176	-0.640	-1.013	-1.060	0.4787	0.0000	0.8	1	-11.919	0.000	3.0817005634	4
	0.000875	10.0711	0.8234316707	0.7513	1.7460	3.7535	2.5339	0.405	1.047	1.097	0.558	0.178	-0.173	-0.635	-1.006	-1.054	0.4787	0.0000	0.8	1	-11.918	0.000	3.0817236900	4
	0.000875	10.0711	0.8234733939	0.7514	1.7456	3.7539	2.5360	0.406	1.045	1.096	0.558	0.179	-0.172	-0.632	-1.002	-1.050	0.4787	0.0000	0.8	1	-11.918	0.000	3.0817408562	4
	0.000875	10.0711	0.8234856725	0.7514	1.7456	3.7540	2.5364	0.406	1.045	1.095	0.558	0.179	-0.171	-0.632	-1.002	-1.049	0.4787	0.0000	0.8	1	-11.918	0.000	3.0817458630	4
	0.000875	10.0711	0.8235393763	0.7514	1.7456	3.7544	2.5379	0.406	1.042	1.093	0.557	0.179	-0.171	-0.630	-0.999	-1.046	0.4787	0.0000	0.8	1	-11.917	0.000	3.0817677975	4
	0.000875	10.0711	0.8235936761	0.7515	1.7459	3.7546	2.5385	0.405	1.040	1.091	0.556	0.179	-0.171	-0.630	-0.999	-1.046	0.4787	0.0000	0.8	1	-11.917	0.000	3.0817899704	4
	0.000875	10.0711	0.8236471415	0.7516	1.7465	3.7547	2.5381	0.404	1.038	1.089	0.555	0.177	-0.172	-0.631	-1.000	-1.047	0.4787	0.0000	0.8	1	-11.917	0.000	3.0818116665	4
	0.000875	10.0711	0.8236997724	0.7516	1.7474	3.7545	2.5367	0.401	1.037	1.088	0.552	0.175	-0.175	-0.634	-1.003	-1.050	0.4787	0.0000	0.8	1	-11.916	0.000	3.0818331242	4
	0.000875	10.0711	0.8237521648	0.7517	1.7487	3.7543	2.5345	0.398	1.035	1.086	0.550	0.171	-0.179	-0.639	-1.008	-1.055	0.4787	0.0000	0.8	1	-11.916	0.000	3.0818545818	4
	0.000875	10.0711	0.8238041401	0.7517	1.7506	3.7538	2.5307	0.394	1.034	1.084	0.546	0.167	-0.184	-0.646	-1.016	-1.063	0.4787	0.0000	0.8	1	-11.915	0.000	3.0818758011	4
	0.000875	10.0711	0.8238562942	0.7518	1.7528	3.7532	2.5262	0.388	1.032	1.082	0.542	0.161	-0.191	-0.653	-1.025	-1.073	0.4787	0.0000	0.8	1	-11.915	0.000	3.0818970203	4
	0.000875	10.0711	0.8238611817	0.7518	1.7530	3.7532	2.5258	0.388	1.032	1.082	0.541	0.161	-0.191	-0.654	-1.026	-1.074	0.4787	0.0000	0.8	1	-11.915	0.000	3.0818989277	4
	0.000875	10.0711	0.8239076734	0.7519	1.7556	3.7524	2.5203	0.381	1.030	1.079	0.536	0.154	-0.199	-0.664	-1.038	-1.086	0.4787	0.0000	0.8	1	-11.915	0.000	3.0819180012	4
	0.000875	10.0711	0.8239592314	0.7519	1.7588	3.7515	2.5135	0.373	1.028	1.076	0.530	0.146	-0.209	-0.676	-1.052	-1.100	0.4787	0.0000	0.8	1	-11.914	0.000	3.0819389820	4
	0.000875	10.0711	0.8239762783	0.7519	1.7599	3.7512	2.5111	0.370	1.027	1.075	0.528	0.143	-0.212	-0.680	-1.057	-1.105	0.4787	0.0000	0.8	1	-11.914	0.000	3.0819458961	4
	0.000875	10.0711	0.8239934444	0.7520	1.7611	3.7509	2.5085	0.367	1.027	1.074	0.525	0.140	-0.216	-0.685	-1.062	-1.111	0.4787	0.0000	0.8	1	-11.914	0.000	3.0819528103	4
	0.000875	10.0711	0.8240450025	0.7520	1.7650	3.7499	2.5008	0.358	1.023	1.070	0.518	0.131	-0.227	-0.699	-1.079	-1.128	0.4787	0.0000	0.9	1	-11.914	0.000	3.0819740295	4
	0.000875	10.0711	0.8240960836	0.7521	1.7711	3.7483	2.4883	0.342	1.021	1.064	0.506	0.116	-0.245	-0.721	-1.104	-1.154	0.4787	0.0000	0.9	1	-11.913	0.000	3.0819947720	4
	0.000875	10.0711	0.8241444826	0.7521	1.7772	3.7468	2.4764	0.327	1.017	1.057	0.493	0.100	-0.263	-0.743	-1.129	-1.180	0.4787	0.0000	0.9	1	-11.913	0.000	3.0820145607	4
	0.000875	10.0711	0.8241927028	0.7522	1.7839	3.7454	2.4638	0.310	1.012	1.048	0.479	0.084	-0.282	-0.766	-1.156	-1.207	0.4787	0.0000	0.9	1	-11.913	0.000	3.0820341110	4
	0.000875	10.0711	0.8242412210	0.7522	1.7915	3.7438	2.4501	0.291	1.006	1.038	0.463	0.065	-0.303	-0.792	-1.185	-1.237	0.4787	0.0000	0.9	1	-11.913	0.000	3.0820538998	4
	0.000875	10.0711	0.8242917657	0.7523	1.8012	3.7420	2.4331	0.267	0.996	1.025	0.443	0.041	-0.331	-0.824	-1.222	-1.274	0.4787	0.0000	1.0	1	-11.912	0.000	3.0820744038	4
	0.000875	10.0711	0.8243427277	0.7523	1.8141	3.7397	2.4111	0.235	0.983	1.006	0.415	0.009	-0.367	-0.866	-1.269	-1.322	0.4787	0.0000	1.0	1	-11.912	0.000	3.0820951462	4
	0.000875	10.0711	0.8243927360	0.7524	1.8350	3.7364	2.3769	0.182	0.962	0.974	0.370	-0.044	-0.424	-0.933	-1.343	-1.398	0.4787	0.0000	1.1	1	-11.912	0.000	3.0821156502	4
	0.000875	10.0711	0.8244283795	0.7524	1.8671	3.7315	2.3253	0.102	0.929	0.924	0.300	-0.123	-0.512	-1.034	-1.456	-1.513	0.4787	0.0000	1.2	1	-11.912	0.000	3.0821301937	4
	0.000875	10.0711	0.8244458437	0.7525	1.8992	3.7270	2.2751	0.022	0.895	0.873	0.230	-0.202	-0.598	-1.133	-1.566	-1.625	0.4787	0.0000	1.3	1	-11.913	0.000	3.0821373463	4
	0.000875	10.0711	0.8244547844	0.7525	1.9353	3.7222	2.2200	-0.068	0.856	0.816	0.151	-0.291	-0.695	-1.243	-1.687	-1.748	0.4787	0.0000	1.4	1	-11.913	0.000	3.0821409225	4
	0.000875	10.0711	0.8244589567	0.7525	1.9726	3.7176	2.1643	-0.161	0.815	0.755	0.070	-0.381	-0.794	-1.355	-1.810	-1.874	0.4787	0.0000	1.5	1	-11.914	0.000	3.0821425915	4
	0.000875	10.0711	0.8244611621	0.7525	2.0115	3.7132	2.1077	-0.259	0.771	0.691	-0.015	-0.475	-0.896	-1.470	-1.937	-2.002	0.4787	0.0000	1.7	1	-11.915	0.000	3.0821435452	4
	0.000875	10.0711	0.8244622946	0.7525	2.0472	3.7094	2.0570	-0.348	0.728	0.630	-0.093	-0.562	-0.990	-1.574	-2.051	-2.117	0.4787	0.0000	1.9	1	-11.916	0.000	3.0821440220	7
	0.000875	10.0711	0.8244624138	0.7525	2.0510	3.7090	2.0516	-0.358	0.723	0.624	-0.101	-0.571	-0.999	-1.585	-2.063	-2.129	0.4787	0.0000	1.9	1	-11.916	0.000	3.0821440220	7
	0.000875	10.0711	0.8244634867	0.7525	2.0980	3.7047	1.9871	-0.475	0.665	0.542	-0.205	-0.684	-1.121	-1.720	-2.209	-2.277	0.4787	0.0000	2.1	1	-11.918	0.000	3.0821444988	7
	0.000875	10.0711	0.8244644403	0.7525	2.1420	3.7007	1.9273	-0.585	0.614	0.465	-0.302	-0.790	-1.234	-1.846	-2.346	-2.416	0.4787	0.0000	2.3	1	-11.919	0.000	3.0821447372	7
	0.000875	10.0711	0.8244660497	0.7525	2.2075	3.6950	1.8389	-0.749	0.542	0.354	-0.445	-0.947	-1.402	-2.033	-2.549	-2.620	0.4787	0.0000	2.7	1	-11.922	0.000	3.0821454525	7
	0.000875	10.0711	0.8244763017	0.7525	2.1547	3.6999	1.9112	-0.617	0.595	0.441	-0.331	-0.821	-1.267	-1.882	-2.383	-2.454	0.4787	0.0000	2.4	1	-11.920	0.000	3.0821497440	7
	0.000875	10.0711	0.8245114684	0.7525	2.1898	3.6962	1.8615	-0.704	0.566	0.387	-0.405	-0.904	-1.357	-1.984	-2.496	-2.567	0.4787	0.0000	2.6	1	-11.921	0.000	3.0821640491	7
	0.000875	10.0711	0.8245273829	0.7526	2.2262	3.6929	1.8120	-0.796	0.528	0.325	-0.484	-0.991	-1.450	-2.088	-2.609	-2.682	0.4787	0.0000	2.8	1	-11.923	0.000	3.0821704865	7
	0.000875	10.0711	0.8245455623	0.7526	2.2664	3.6895	1.7581	-0.896	0.485	0.258	-0.572	-1.086	-1.552	-2.202	-2.734	-2.807	0.4787	0.0000	3.1	1	-11.924	0.000	3.0821778774	7
	0.000875	10.0711	0.8245620131	0.7526	2.3071	3.6861	1.7037	-0.998	0.445	0.190	-0.658	-1.182	-1.654	-2.316	-2.859	-2.934	0.4787	0.0000	3.4	1	-11.927	0.000	3.0821845531	7
	0.000875	10.0711	0.8245765567	0.7526	2.3476	3.6827	1.6498	-1.099	0.406	0.124	-0.745	-1.276	-1.756	-2.430	-2.984	-3.060	0.4787	0.0000	3.8	1	-11.929	0.000	3.0821905136	7
	0.000875	10.0711	0.8245896101	0.7526	2.3886	3.6793	1.5952	-1.201	0.367	0.057	-0.832	-1.372	-1.859	-2.545	-3.110	-3.187	0.4787	0.0000	4.1	1	-11.932	0.000	3.0821957588	7
	0.000875	10.0711	0.8246011138	0.7526	2.4297	3.6759	1.5406	-1.304	0.331	-0.009	-0.918	-1.468	-1.961	-2.660	-3.236	-3.313	0.4787	0.0000	4.5	1	-11.935	0.000	3.0822005272	7
	0.000875	10.0711	0.8246113062	0.7526	2.4706	3.6726	1.4862	-1.406	0.297	-0.074	-1.004	-1.562	-2.063	-2.774	-3.360	-3.438	0.4787	0.0000	5.0	1	-11.939	0.000	3.0822045803	7
	0.000875	10.0711	0.8246203661	0.7527	2.5109	3.6692	1.4326	-1.507	0.263	-0.138	-1.087	-1.655	-2.164	-2.886	-3.483	-3.562	0.4787	0.0000	5.5	1	-11.943	0.000	3.0822083950	7
	0.000875	10.0711	0.8246285915	0.7527	2.5508	3.6659	1.3793	-1.607	0.235	-0.200	-1.168	-1.746	-2.262	-2.997	-3.604	-3.685	0.4787	0.0000	6.0	1	-11.948	0.000	3.0822117329	7
	0.000875	10.0711	0.8246361017	0.7527	2.5902	3.6626	1.3270	-1.705	0.208	-0.260	-1.248	-1.836	-2.359	-3.105	-3.723	-3.805	0.4787	0.0000	6.6	1	-11.953	0.000	3.0822145939	7
	0.000875	10.0711	0.8246430755	0.7527	2.6297	3.6593	1.2742	-1.804	0.183	-0.319	-1.327	-1.925	-2.456	-3.215	-3.843	-3.926	0.4787	0.0000	7.2	1	-11.959	0.000	3.0822174549	7
	0.000875	10.0711	0.8246495128	0.7527	2.6685	3.6560	1.2222	-1.901	0.162	-0.375	-1.403	-2.011	-2.551	-3.322	-3.961	-4.046	0.4787	0.0000	7.9	1	-11.966	0.000	3.0822200775	7
	0.000875	10.0711	0.8246557117	0.7527	2.7070	3.6527	1.1706	-1.997	0.143	-0.430	-1.478	-2.097	-2.644	-3.428	-4.078	-4.164	0.4787	0.0000	8.7	1	-11.973	0.000	3.0822227001	7
	0.000875	10.0711	0.8246617317	0.7527	2.7453	3.6495	1.1192	-2.093	0.125	-0.485	-1.553	-2.181	-2.737	-3.533	-4.195	-4.282	0.4787	0.0000	9.5	1	-11.981	0.000	3.0822250843	7
	0.000875	10.0711	0.8246675730	0.7527	2.7847	3.6461	1.0662	-2.192	0.112	-0.537	-1.627	-2.267	-2.831	-3.641	-4.315	-4.404	0.4787	0.0000	10.4	1	-11.991	0.000	3.0822274685	7
	0.000875	10.0711	0.8246729970	0.7527	2.8251	3.6426	1.0119	-2.293	0.100	-0.592	-1.703	-2.355	-2.928	-3.752	-4.438	-4.528	0.4787	0.0000	11.5	1	-12.002	0.000	3.0822296143	7
	0.000875	10.0711	0.8246778846	0.7527	2.8658	3.6390	0.9569	-2.394	0.124	-0.633	-1.777	-2.444	-3.027	-3.865	-4.562	-4.653	0.4787	0.0000	12.6	1	-12.014	0.000	3.0822317600	7
	0.000875	10.0711	0.8246821761	0.7527	2.9102	3.6351	0.8969	-2.506	0.166	-0.672	-1.855	-2.541	-3.135	-3.988	-4.695	-4.788	0.4787	0.0000	14.0	1	-12.030	0.000	3.0822334290	7
	0.000875	10.0711	0.8246854544	0.7527	2.9541	3.6312	0.8372	-2.615	0.215	-0.708	-1.931	-2.635	-3.242	-4.110	-4.827	-4.922	0.4787	0.0000	15.6	1	-12.047	0.000	3.0822348595	7
	0.000875	10.0711	0.8246881962	0.7527	2.9935	3.6277	0.7840	-2.714	0.262	-0.739	-1.998	-2.719	-3.337	-4.219	-4.945	-5.042	0.4787	0.0000	17.1	1	-12.065	0.000	3.0822358131	7
	0.000875	10.0711	0.8246909380	0.7527	3.0351	3.6240	0.7274	-2.818	0.317	-0.769	-2.066	-2.807	-3.436	-4.333	-5.070	-5.169	0.4787	0.0000	19.0	1	-11.854	0.000	3.0822370052	7
	0.000875	10.0711	0.8246933222	0.7527	3.0761	3.6203	0.6717	-2.920	0.376	-0.797	-2.133	-2.893	-3.534	-4.446	-5.193	-5.294	0.4787	0.0000	20.9	1	-11.468	0.000	3.0822379589	7
	0.000875	10.0711	0.8246953487	0.7527	3.1341	3.6150	0.5926	-3.065	0.470	-0.830	-2.224	-3.010	-3.669	-4.604	-5.367	-5.471	0.4787	0.0000	24.1	1	-10.926	0.000	3.0822389126	7
	0.000875	10.0711	0.8246956468	0.7527	3.1548	3.6131	0.5642	-3.117	0.506	-0.841	-2.255	-3.052	-3.717	-4.661	-5.430	-5.534	0.4787	0.0000	25.4	1	-10.734	0.000	3.0822389126	7
	0.000875	10.0711	0.8246957660	0.7527	3.1587	3.6127	0.5589	-3.127	0.513	-0.843	-2.261	-3.060	-3.726	-4.671	-5.441	-5.546	0.4787	0.5312	25.6	1	-10.697	0.000	3.0822389126	7
	0.000875	10.0711	0.8246957660	0.7527	3.1586	3.6127	0.5588	-3.127	0.514	-0.842	-2.261	-3.060	-3.726	-4.671	-5.441	-5.546	0.4787	0.5312	25.6	1	-10.697	0.000	3.0822389126	8
	0.000875	10.0711	0.8246957660	0.7565	3.1634	3.6123	0.5546	-3.139	0.518	-0.847	-2.269	-3.069	-3.737	-4.684	-5.455	-5.560	0.4779	0.5312	25.9	1	-10.659	-0.003	3.0822389126	8
	0.000875	10.0711	0.8246957660	0.7602	3.1682	3.6119	0.5505	-3.151	0.521	-0.851	-2.277	-3.079	-3.748	-4.697	-5.470	-5.575	0.4770	0.5312	26.1	1	-10.622	-0.007	3.0822389126	8
	0.000875	10.0711	0.8246957660	0.7640	3.1730	3.6116	0.5463	-3.163	0.525	-0.856	-2.285	-3.089	-3.759	-4.710	-5.484	-5.589	0.4762	0.5313	26.3	1	-10.584	-0.010	3.0822389126	8
	0.000875	10.0711	0.8246957660	0.7677	3.1778	3.6112	0.5420	-3.175	0.529	-0.860	-2.293	-3.099	-3.771	-4.723	-5.498	-5.603	0.4753	0.5313	26.6	1	-10.547	-0.014	3.0822389126	8
	0.000875	10.0711	0.8246957660	0.7714	3.1826	3.6108	0.5378	-3.187	0.533	-0.865	-2.301	-3.109	-3.782	-4.735	-5.512	-5.618	0.4745	0.5313	26.8	1	-10.511	-0.017	3.0822389126	8
	0.000875	10.0711	0.8246957660	0.7752	3.1874	3.6104	0.5336	-3.199	0.537	-0.869	-2.309	-3.119	-3.793	-4.748	-5.526	-5.632	0.4737	0.5313	27.0	1	-10.475	-0.020	3.0822389126	8
	0.000875	10.0711	0.8246957660	0.7789	3.1922	3.6100	0.5294	-3.211	0.541	-0.873	-2.317	-3.129	-3.804	-4.761	-5.540	-5.646	0.4728	0.5313	27.3	1	-10.439	-0.024	3.0822389126	8
	0.000875	10.0711	0.8246957660	0.7827	3.1970	3.6096	0.5251	-3.223	0.545	-0.877	-2.325	-3.139	-3.815	-4.774	-5.554	-5.661	0.4720	0.5314	27.5	1	-10.404	-0.027	3.0822389126	8
	0.000875	10.0711	0.8246957660	0.7864	3.2018	3.6093	0.5208	-3.235	0.549	-0.881	-2.333	-3.148	-3.826	-4.787	-5.568	-5.675	0.4711	0.5314	27.8	1	-10.369	-0.031	3.0822389126	8
	0.000875	10.0711	0.8246957660	0.7902	3.2066	3.6089	0.5166	-3.247	0.554	-0.886	-2.340	-3.158	-3.837	-4.799	-5.582	-5.689	0.4703	0.5314	28.0	1	-10.335	-0.034	3.0822389126	8
	0.000875	10.0711	0.8246957660	0.7939	3.2114	3.6085	0.5123	-3.259	0.558	-0.890	-2.348	-3.168	-3.848	-4.812	-5.597	-5.704	0.4695	0.5314	28.3	1	-10.302	-0.037	3.0822389126	8
	0.000875	10.0711	0.8246957660	0.7976	3.2162	3.6081	0.5080	-3.271	0.562	-0.894	-2.356	-3.178	-3.859	-4.825	-5.611	-5.718	0.4686	0.5315	28.5	1	-10.269	-0.041	3.0822389126	8
	0.000875	10.0711	0.8246958256	0.8014	3.2210	3.6077	0.5037	-3.283	0.567	-0.898	-2.364	-3.187	-3.870	-4.838	-5.625	-5.732	0.4678	0.5315	28.8	1	-10.238	-0.044	3.0822389126	8
	0.000875	10.0711	0.8246958256	0.8051	3.2258	3.6073	0.4994	-3.295	0.571	-0.902	-2.371	-3.197	-3.881	-4.850	-5.639	-5.747	0.4669	0.5315	29.0	1	-10.207	-0.048	3.0822389126	8
	0.000875	10.0711	0.8246958256	0.8089	3.2306	3.6070	0.4951	-3.306	0.573	-0.906	-2.379	-3.207	-3.892	-4.863	-5.653	-5.761	0.4661	0.5315	29.3	1	-10.178	-0.051	3.0822389126	8
	0.000875	10.0711	0.8246958256	0.8126	3.2354	3.6066	0.4908	-3.318	0.576	-0.911	-2.387	-3.216	-3.903	-4.876	-5.667	-5.775	0.4653	0.5316	29.6	1	-10.149	-0.054	3.0822389126	8
	0.000875	10.0711	0.8246958256	0.8163	3.2402	3.6062	0.4864	-3.330	0.578	-0.915	-2.394	-3.226	-3.914	-4.888	-5.681	-5.790	0.4644	0.5316	29.8	1	-10.122	-0.058	3.0822389126	8
	0.000875	10.0711	0.8246958256	0.8201	3.2450	3.6058	0.4821	-3.342	0.580	-0.920	-2.402	-3.235	-3.925	-4.901	-5.695	-5.804	0.4636	0.5316	30.1	1	-10.096	-0.061	3.0822389126	8
	0.000875	10.0711	0.8246958256	0.8238	3.2498	3.6054	0.4777	-3.354	0.583	-0.924	-2.409	-3.245	-3.935	-4.914	-5.709	-5.818	0.4627	0.5316	30.4	1	-10.072	-0.065	3.0822389126	8
	0.000875	10.0711	0.8246958256	0.8276	3.2546	3.6050	0.4734	-3.366	0.585	-0.928	-2.417	-3.255	-3.946	-4.926	-5.723	-5.833	0.4619	0.5316	30.7	1	-10.048	-0.068	3.0822389126	8
	0.000875	10.0711	0.8246958256	0.8313	3.2594	3.6047	0.4690	-3.378	0.587	-0.933	-2.425	-3.264	-3.957	-4.939	-5.737	-5.847	0.4611	0.5317	31.0	1	-10.026	-0.071	3.0822389126	8
	0.000875	10.0711	0.8246958256	0.8350	3.2642	3.6043	0.4646	-3.390	0.590	-0.937	-2.432	-3.274	-3.968	-4.952	-5.751	-5.861	0.4602	0.5317	31.2	1	-10.006	-0.075	3.0822389126	8
	0.000875	10.0711	0.8246958256	0.8388	3.2690	3.6039	0.4602	-3.402	0.592	-0.942	-2.440	-3.283	-3.979	-4.965	-5.765	-5.876	0.4594	0.5317	31.5	1	-9.987	-0.078	3.0822389126	8
	0.000875	10.0711	0.8246958256	0.8425	3.2738	3.6035	0.4558	-3.414	0.595	-0.946	-2.447	-3.293	-3.990	-4.977	-5.779	-5.890	0.4585	0.5317	31.8	1	-9.970	-0.082	3.0822389126	8
	0.000875	10.0711	0.8246958256	0.8463	3.2786	3.6031	0.4514	-3.426	0.597	-0.951	-2.455	-3.303	-4.001	-4.990	-5.793	-5.904	0.4577	0.5318	32.1	1	-9.954	-0.085	3.0822389126	8
	0.000875	10.0711	0.8246958256	0.8500	3.2834	3.6027	0.4470	-3.438	0.599	-0.955	-2.463	-3.312	-4.012	-5.003	-5.807	-5.919	0.4569	0.5318	30.9	1	-9.940	-0.088	3.0822389126	8
	0.000875	10.0711	0.8246960044	0.8461	3.2883	3.6022	0.4378	-3.451	0.610	-0.956	-2.468	-3.321	-4.023	-5.016	-5.822	-5.935	0.4569	0.5319	32.9	1	-9.863	-0.088	3.0822391510	8
	0.000875	10.0711	0.8246962428	0.8421	3.2933	3.6016	0.4286	-3.463	0.620	-0.956	-2.474	-3.330	-4.034	-5.030	-5.838	-5.950	0.4569	0.5321	33.4	1	-9.789	-0.089	3.0822391510	8
	0.000875	10.0711	0.8246964216	0.8382	3.2983	3.6011	0.4194	-3.476	0.630	-0.957	-2.480	-3.339	-4.045	-5.043	-5.853	-5.966	0.4569	0.5323	34.0	1	-9.717	-0.089	3.0822391510	8
	0.000875	10.0711	0.8246966004	0.8342	3.3033	3.6005	0.4102	-3.488	0.641	-0.958	-2.486	-3.348	-4.056	-5.057	-5.868	-5.982	0.4569	0.5325	34.5	1	-9.646	-0.089	3.0822393894	8
	0.000875	10.0711	0.8246967793	0.8303	3.3082	3.6000	0.4010	-3.501	0.651	-0.959	-2.492	-3.357	-4.067	-5.070	-5.883	-5.998	0.4569	0.5326	35.0	1	-9.578	-0.089	3.0822393894	8
	0.000875	10.0711	0.8246970177	0.8263	3.3132	3.5994	0.3917	-3.513	0.662	-0.959	-2.498	-3.366	-4.078	-5.084	-5.898	-6.013	0.4569	0.5328	35.6	1	-9.511	-0.089	3.0822393894	8
	0.000875	10.0711	0.8246971965	0.8224	3.3182	3.5989	0.3825	-3.525	0.673	-0.959	-2.503	-3.375	-4.088	-5.097	-5.913	-6.029	0.4569	0.5330	36.1	1	-9.446	-0.089	3.0822396278	8
	0.000875	10.0711	0.8246973753	0.8184	3.3232	3.5984	0.3732	-3.538	0.684	-0.959	-2.508	-3.383	-4.099	-5.111	-5.928	-6.044	0.4569	0.5331	36.7	1	-9.383	-0.089	3.0822396278	8
	0.000875	10.0711	0.8246975541	0.8145	3.3281	3.5978	0.3640	-3.550	0.694	-0.959	-2.514	-3.392	-4.110	-5.124	-5.943	-6.060	0.4569	0.5333	37.3	1	-9.321	-0.089	3.0822396278	8
	0.000875	10.0711	0.8246977925	0.8105	3.3331	3.5973	0.3547	-3.563	0.705	-0.959	-2.519	-3.401	-4.121	-5.138	-5.958	-6.076	0.4569	0.5335	37.9	1	-9.261	-0.089	3.0822398663	8
	0.000875	10.0711	0.8246979713	0.8066	3.3381	3.5967	0.3454	-3.575	0.716	-0.960	-2.525	-3.410	-4.132	-5.151	-5.974	-6.091	0.4569	0.5337	38.5	1	-9.202	-0.089	3.0822398663	8
	0.000875	10.0711	0.8246981502	0.8027	3.3431	3.5962	0.3361	-3.588	0.727	-0.960	-2.530	-3.418	-4.142	-5.164	-5.989	-6.107	0.4569	0.5338	39.1	1	-9.144	-0.090	3.0822398663	8
	0.000875	10.0711	0.8246983290	0.7987	3.3480	3.5956	0.3268	-3.600	0.738	-0.960	-2.535	-3.427	-4.153	-5.178	-6.004	-6.123	0.4569	0.5340	39.7	1	-9.088	-0.090	3.0822401047	8
	0.000875	10.0711	0.8246985674	0.7948	3.3530	3.5951	0.3175	-3.613	0.749	-0.960	-2.541	-3.436	-4.164	-5.191	-6.019	-6.138	0.4569	0.5342	40.4	1	-9.032	-0.090	3.0822401047	8
	0.000875	10.0711	0.8246987462	0.7908	3.3580	3.5945	0.3081	-3.625	0.760	-0.960	-2.546	-3.444	-4.175	-5.205	-6.034	-6.154	0.4569	0.5343	41.0	1	-8.978	-0.090	3.0822401047	8
	0.000875	10.0711	0.8246989250	0.7869	3.3630	3.5940	0.2988	-3.637	0.771	-0.960	-2.551	-3.453	-4.185	-5.218	-6.049	-6.170	0.4569	0.5345	41.7	1	-8.924	-0.090	3.0822403431	8
	0.000875	10.0711	0.8246991634	0.7829	3.3679	3.5934	0.2894	-3.650	0.782	-0.960	-2.557	-3.462	-4.196	-5.231	-6.064	-6.185	0.4569	0.5347	42.3	1	-8.872	-0.090	3.0822403431	8
	0.000875	10.0711	0.8246993423	0.7790	3.3729	3.5929	0.2801	-3.662	0.794	-0.960	-2.562	-3.470	-4.207	-5.245	-6.079	-6.201	0.4569	0.5348	43.0	1	-8.820	-0.090	3.0822403431	8
	0.000875	10.0711	0.8246995211	0.7750	3.3779	3.5923	0.2707	-3.675	0.805	-0.960	-2.567	-3.479	-4.218	-5.258	-6.094	-6.217	0.4569	0.5350	43.7	1	-8.769	-0.090	3.0822405815	8
	0.000875	10.0711	0.8246996999	0.7711	3.3829	3.5918	0.2613	-3.687	0.816	-0.960	-2.573	-3.488	-4.228	-5.272	-6.109	-6.232	0.4569	0.5352	44.4	1	-8.719	-0.090	3.0822405815	8
	0.000875	10.0711	0.8246999383	0.7671	3.3878	3.5912	0.2519	-3.700	0.828	-0.960	-2.578	-3.496	-4.239	-5.285	-6.124	-6.248	0.4569	0.5354	45.1	1	-8.669	-0.090	3.0822405815	8
	0.000875	10.0711	0.8247001171	0.7632	3.3928	3.5907	0.2425	-3.712	0.839	-0.960	-2.583	-3.505	-4.250	-5.298	-6.139	-6.264	0.4569	0.5355	45.9	1	-8.619	-0.090	3.0822408199	8
	0.000875	10.0711	0.8247002959	0.7593	3.3978	3.5901	0.2331	-3.724	0.850	-0.960	-2.589	-3.514	-4.260	-5.312	-6.155	-6.279	0.4569	0.5357	46.6	1	-8.570	-0.091	3.0822408199	8
	0.000875	10.0711	0.8247004747	0.7553	3.4028	3.5896	0.2237	-3.737	0.862	-0.959	-2.594	-3.522	-4.271	-5.325	-6.170	-6.295	0.4569	0.5359	47.4	1	-8.522	-0.091	3.0822408199	8
	0.000875	10.0711	0.8247007132	0.7514	3.4077	3.5890	0.2142	-3.749	0.874	-0.958	-2.598	-3.530	-4.282	-5.338	-6.184	-6.310	0.4569	0.5360	48.2	1	-8.474	-0.091	3.0822410583	8
	0.000875	10.0711	0.8247008920	0.7474	3.4127	3.5885	0.2048	-3.762	0.887	-0.958	-2.603	-3.539	-4.292	-5.352	-6.199	-6.326	0.4569	0.5362	49.0	1	-8.426	-0.091	3.0822410583	8
	0.000875	10.0711	0.8247011304	0.7398	3.4164	3.5902	0.2035	-3.771	0.825	-0.998	-2.633	-3.560	-4.308	-5.360	-6.200	-6.325	0.4569	0.5365	106.7	0	-9.983	-0.091	3.0822410583	8
	0.000875	10.0711	0.8247013688	0.7321	3.4201	3.5920	0.2023	-3.780	0.766	-1.036	-2.662	-3.581	-4.324	-5.367	-6.200	-6.323	0.4569	0.5367	106.9	0	-9.945	-0.091	3.0822412968	8
	0.000875	10.0711	0.8247016072	0.7244	3.4238	3.5937	0.2009	-3.790	0.706	-1.074	-2.691	-3.602	-4.340	-5.375	-6.201	-6.322	0.4569	0.5370	107.2	0	-9.906	-0.091	3.0822412968	8
	0.000875	10.0711	0.8247018456	0.7167	3.4275	3.5954	0.1996	-3.799	0.647	-1.113	-2.720	-3.623	-4.355	-5.382	-6.201	-6.321	0.4569	0.5372	107.4	0	-9.867	-0.091	3.0822415352	8
	0.000875	10.0711	0.8247020841	0.7091	3.4312	3.5972	0.1982	-3.808	0.588	-1.151	-2.749	-3.644	-4.371	-5.390	-6.201	-6.319	0.4569	0.5375	107.7	0	-9.827	-0.091	3.0822415352	8
	0.000875	10.0711	0.8247023225	0.7014	3.4349	3.5989	0.1967	-3.817	0.528	-1.190	-2.778	-3.664	-4.387	-5.398	-6.201	-6.318	0.4569	0.5377	108.0	0	-9.786	-0.091	3.0822415352	8
	0.000875	10.0711	0.8247025609	0.6937	3.4386	3.6007	0.1952	-3.827	0.470	-1.227	-2.806	-3.685	-4.402	-5.405	-6.202	-6.317	0.4569	0.5380	108.3	0	-9.744	-0.091	3.0822417736	8
	0.000875	10.0711	0.8247027993	0.6861	3.4423	3.6024	0.1936	-3.836	0.413	-1.263	-2.832	-3.704	-4.417	-5.412	-6.202	-6.315	0.4569	0.5382	108.5	0	-9.702	-0.091	3.0822417736	8
	0.000875	10.0711	0.8247030377	0.6784	3.4460	3.6041	0.1920	-3.845	0.357	-1.299	-2.859	-3.724	-4.431	-5.420	-6.203	-6.314	0.4569	0.5384	108.9	0	-9.659	-0.091	3.0822420120	8
	0.000875	10.0711	0.8247032762	0.6707	3.4497	3.6059	0.1903	-3.854	0.300	-1.335	-2.885	-3.743	-4.446	-5.427	-6.203	-6.313	0.4569	0.5387	109.2	0	-9.615	-0.091	3.0822420120	8
	0.000875	10.0711	0.8247035146	0.6630	3.4534	3.6076	0.1885	-3.864	0.244	-1.370	-2.912	-3.763	-4.461	-5.434	-6.204	-6.312	0.4569	0.5389	109.5	0	-9.571	-0.091	3.0822420120	8
	0.000875	10.0711	0.8247037530	0.6554	3.4571	3.6093	0.1867	-3.873	0.188	-1.406	-2.938	-3.782	-4.476	-5.441	-6.205	-6.311	0.4569	0.5392	109.9	0	-9.526	-0.091	3.0822422504	8
	0.000875	10.0711	0.8247039914	0.6477	3.4608	3.6111	0.1849	-3.882	0.129	-1.443	-2.965	-3.802	-4.490	-5.448	-6.204	-6.309	0.4569	0.5394	110.2	0	-9.479	-0.091	3.0822422504	8
	0.000875	10.0711	0.8247042298	0.6400	3.4645	3.6128	0.1829	-3.891	0.069	-1.479	-2.991	-3.821	-4.505	-5.455	-6.203	-6.307	0.4569	0.5397	110.6	0	-9.432	-0.091	3.0822424889	8
	0.000875	10.0711	0.8247044683	0.6323	3.4682	3.6146	0.1810	-3.901	0.009	-1.516	-3.018	-3.841	-4.520	-5.461	-6.203	-6.305	0.4569	0.5399	111.0	0	-9.385	-0.091	3.0822424889	8
	0.000875	10.0711	0.8247047067	0.6247	3.4719	3.6163	0.1789	-3.910	-0.050	-1.553	-3.044	-3.861	-4.534	-5.468	-6.202	-6.303	0.4569	0.5402	111.4	0	-9.336	-0.091	3.0822427273	8
	0.000875	10.0711	0.8247049451	0.6170	3.4756	3.6180	0.1768	-3.919	-0.110	-1.589	-3.071	-3.880	-4.549	-5.475	-6.201	-6.301	0.4569	0.5404	111.9	0	-9.286	-0.091	3.0822427273	8
	0.000875	10.0711	0.8247051835	0.6093	3.4793	3.6198	0.1746	-3.928	-0.170	-1.626	-3.097	-3.900	-4.564	-5.481	-6.200	-6.299	0.4569	0.5407	112.3	0	-9.236	-0.091	3.0822427273	8
	0.000875	10.0711	0.8247054219	0.6017	3.4831	3.6215	0.1724	-3.938	-0.230	-1.662	-3.123	-3.919	-4.578	-5.487	-6.199	-6.296	0.4569	0.5409	112.8	0	-9.184	-0.091	3.0822429657	8
	0.000875	10.0711	0.8247056603	0.5940	3.4868	3.6233	0.1700	-3.947	-0.289	-1.698	-3.148	-3.937	-4.592	-5.493	-6.198	-6.294	0.4569	0.5412	113.3	0	-9.132	-0.091	3.0822429657	8
	0.000875	10.0711	0.8247058988	0.5863	3.4905	3.6250	0.1676	-3.956	-0.349	-1.734	-3.173	-3.956	-4.606	-5.499	-6.197	-6.292	0.4569	0.5414	113.8	0	-9.079	-0.091	3.0822432041	8
	0.000875	10.0711	0.8247061372	0.5786	3.4942	3.6267	0.1652	-3.965	-0.409	-1.770	-3.199	-3.975	-4.620	-5.505	-6.196	-6.290	0.4569	0.5417	114.3	0	-9.024	-0.091	3.0822432041	8
	0.000875	10.0711	0.8247063756	0.5710	3.4979	3.6285	0.1626	-3.975	-0.468	-1.807	-3.224	-3.993	-4.634	-5.512	-6.195	-6.287	0.4569	0.5419	114.8	0	-8.969	-0.091	3.0822432041	8
	0.000875	10.0711	0.8247066140	0.5633	3.5016	3.6302	0.1600	-3.984	-0.528	-1.843	-3.249	-4.012	-4.648	-5.518	-6.193	-6.285	0.4569	0.5422	115.4	0	-8.912	-0.091	3.0822434425	8
	0.000875	10.0711	0.8247068524	0.5556	3.5053	3.6319	0.1573	-3.993	-0.586	-1.877	-3.273	-4.030	-4.661	-5.523	-6.192	-6.283	0.4569	0.5424	116.0	0	-8.854	-0.091	3.0822434425	8
	0.000875	10.0711	0.8247070909	0.5480	3.5090	3.6337	0.1545	-4.002	-0.643	-1.912	-3.297	-4.048	-4.674	-5.529	-6.191	-6.281	0.4569	0.5427	116.6	0	-8.796	-0.091	3.0822436810	8
