#      Z	log(age/yr)	M_ini   	M_act	logL/Lo	logTe	logG	mbol    U       B       V       R       I       J       H       K	int_IMF	stage
	0.015700	8.1761	0.09000000	0.0900	-2.8904	3.3954	4.8164	11.996	21.802	19.288	17.452	15.282	12.798	9.907	9.325	8.965	1.46765435	0
	0.015700	8.1761	0.09004137	0.0900	-2.8901	3.3955	4.8164	11.995	21.799	19.285	17.449	15.280	12.796	9.906	9.325	8.965	1.46810114	0
	0.015700	8.1761	0.09731355	0.0973	-2.8275	3.4048	4.8247	11.839	21.163	18.780	16.970	14.903	12.501	9.771	9.187	8.831	1.54378808	0
	0.015700	8.1761	0.10000000	0.1000	-2.8047	3.4083	4.8278	11.782	20.923	18.589	16.789	14.762	12.391	9.722	9.137	8.783	1.57040203	0
	0.015700	8.1761	0.10399925	0.1040	-2.7754	3.4124	4.8321	11.709	20.637	18.360	16.572	14.591	12.257	9.659	9.072	8.720	1.60871291	0
	0.015700	8.1761	0.11410947	0.1141	-2.7022	3.4230	4.8417	11.526	19.900	17.776	16.018	14.154	11.915	9.500	8.909	8.563	1.69902241	0
	0.015700	8.1761	0.12000000	0.1200	-2.6601	3.4294	4.8467	11.420	19.462	17.430	15.692	13.898	11.715	9.409	8.817	8.474	1.74782515	0
	0.015700	8.1761	0.12887385	0.1289	-2.6093	3.4356	4.8519	11.293	19.056	17.093	15.377	13.643	11.509	9.296	8.701	8.362	1.81673670	0
	0.015700	8.1761	0.14000000	0.1400	-2.5483	3.4432	4.8573	11.141	18.575	16.691	15.003	13.339	11.264	9.160	8.562	8.229	1.89584959	0
	0.015700	8.1761	0.16000000	0.1600	-2.4527	3.4545	4.8649	10.902	17.866	16.095	14.439	12.876	10.897	8.946	8.345	8.021	2.02115250	0
	0.015700	8.1761	0.16342767	0.1634	-2.4383	3.4561	4.8662	10.866	17.763	16.008	14.356	12.807	10.843	8.914	8.312	7.990	2.04074645	0
	0.015700	8.1761	0.20000000	0.2000	-2.2942	3.4718	4.8726	10.506	16.816	15.196	13.584	12.162	10.335	8.589	7.983	7.674	2.22178221	0
	0.015700	8.1761	0.21158060	0.2116	-2.2551	3.4759	4.8740	10.408	16.581	14.991	13.388	11.995	10.204	8.500	7.893	7.589	2.27030563	0
	0.015700	8.1761	0.25000000	0.2500	-2.1357	3.4879	4.8752	10.109	15.890	14.382	12.798	11.487	9.812	8.232	7.620	7.327	2.40809011	0
	0.015700	8.1761	0.25832850	0.2583	-2.1123	3.4901	4.8747	10.051	15.762	14.268	12.687	11.390	9.738	8.179	7.566	7.275	2.43408847	0
	0.015700	8.1761	0.30000001	0.3000	-2.0016	3.5000	4.8688	9.774	15.205	13.769	12.214	10.976	9.402	7.925	7.307	7.028	2.54750419	0
	0.015700	8.1761	0.31020784	0.3102	-1.9747	3.5025	4.8662	9.707	15.075	13.651	12.103	10.877	9.322	7.863	7.244	6.967	2.57174563	0
	0.015700	8.1761	0.33564177	0.3356	-1.9065	3.5080	4.8545	9.536	14.759	13.364	11.831	10.636	9.122	7.705	7.083	6.812	2.62713242	0
	0.015700	8.1761	0.34999999	0.3500	-1.8685	3.5110	4.8465	9.441	14.589	13.209	11.685	10.504	9.013	7.617	6.993	6.725	2.65552020	0
	0.015700	8.1761	0.40000001	0.4000	-1.7361	3.5233	4.8214	9.110	13.987	12.650	11.154	10.030	8.629	7.316	6.684	6.428	2.74133730	0
	0.015700	8.1761	0.44999999	0.4500	-1.5899	3.5362	4.7778	8.745	13.381	12.074	10.607	9.533	8.219	6.982	6.339	6.096	2.81098008	0
	0.015700	8.1761	0.50000000	0.5000	-1.4351	3.5544	4.7418	8.358	12.725	11.425	9.987	8.970	7.780	6.642	5.985	5.758	2.86847806	0
	0.015700	8.1761	0.52368313	0.5237	-1.3521	3.5670	4.7293	8.150	12.360	11.051	9.624	8.640	7.543	6.469	5.804	5.589	2.89233589	0
	0.015700	8.1761	0.55000001	0.5500	-1.2719	3.5765	4.7085	7.950	12.050	10.733	9.316	8.352	7.325	6.295	5.623	5.419	2.91663504	0
	0.015700	8.1761	0.57485753	0.5749	-1.2031	3.5886	4.7072	7.778	11.744	10.416	9.015	8.076	7.134	6.155	5.475	5.288	2.93771124	0
	0.015700	8.1761	0.59337282	0.5934	-1.1691	3.5931	4.7046	7.693	11.613	10.280	8.888	7.957	7.043	6.081	5.398	5.218	2.95235753	0
	0.015700	8.1761	0.60000002	0.6000	-1.1563	3.5944	4.7020	7.661	11.568	10.233	8.844	7.916	7.010	6.052	5.369	5.191	2.95739889	0
	0.015700	8.1761	0.60968602	0.6097	-1.1312	3.5983	4.6994	7.598	11.465	10.126	8.745	7.825	6.942	5.999	5.313	5.141	2.96458650	0
	0.015700	8.1761	0.64999998	0.6500	-1.0052	3.6193	4.6853	7.283	10.928	9.568	8.247	7.370	6.607	5.732	5.045	4.906	2.99236870	0
	0.015700	8.1761	0.69999999	0.7000	-0.8528	3.6465	4.6741	6.902	10.125	8.833	7.624	6.825	6.208	5.420	4.764	4.661	3.02253795	0
	0.015700	8.1761	0.75000000	0.7500	-0.7081	3.6730	4.6652	6.540	9.159	8.117	7.040	6.345	5.830	5.135	4.555	4.472	3.04879928	0
	0.015700	8.1761	0.76922911	0.7692	-0.6579	3.6805	4.6560	6.415	8.853	7.897	6.857	6.194	5.701	5.033	4.480	4.400	3.05801654	1
	0.015700	8.1761	0.80000001	0.8000	-0.5799	3.6926	4.6433	6.220	8.407	7.570	6.584	5.968	5.504	4.877	4.359	4.285	3.07187057	1
	0.015700	8.1761	0.85000002	0.8500	-0.4583	3.7113	4.6228	5.916	7.728	7.082	6.176	5.629	5.203	4.638	4.176	4.110	3.09222293	1
	0.015700	8.1761	0.89999998	0.9000	-0.3438	3.7282	4.6010	5.629	7.135	6.654	5.817	5.322	4.926	4.414	3.999	3.941	3.11026096	1
	0.015700	8.1761	0.94999999	0.9500	-0.2355	3.7433	4.5766	5.359	6.615	6.267	5.493	5.040	4.670	4.205	3.827	3.775	3.12635612	1
	0.015700	8.1761	1.00000000	1.0000	-0.1265	3.7572	4.5455	5.086	6.139	5.900	5.183	4.765	4.416	3.990	3.646	3.599	3.14080405	1
	0.015700	8.1761	1.04999995	1.0500	-0.0237	3.7699	4.5146	4.829	5.718	5.563	4.897	4.508	4.180	3.789	3.474	3.432	3.15380883	1
	0.015700	8.1761	1.10000002	1.1000	0.0751	3.7816	4.4826	4.582	5.318	5.240	4.629	4.272	3.964	3.604	3.312	3.277	3.16554141	1
	0.015700	8.1761	1.14999998	1.1500	0.1686	3.7921	4.4504	4.349	4.939	4.939	4.385	4.061	3.771	3.432	3.156	3.129	3.17617631	1
	0.015700	8.1761	1.20000005	1.2000	0.2585	3.8018	4.4180	4.124	4.613	4.659	4.150	3.851	3.577	3.261	3.002	2.979	3.18585706	1
	0.015700	8.1761	1.25000000	1.2500	0.3453	3.8116	4.3880	3.907	4.333	4.395	3.924	3.643	3.386	3.093	2.854	2.834	3.19470429	1
	0.015700	8.1761	1.27992558	1.2799	0.3945	3.8171	4.3712	3.784	4.181	4.246	3.797	3.526	3.278	2.998	2.771	2.752	3.19964027	1
	0.015700	8.1761	1.29999995	1.3000	0.4269	3.8208	4.3601	3.703	4.081	4.149	3.713	3.449	3.207	2.936	2.716	2.698	3.20280719	1
	0.015700	8.1761	1.35000002	1.3500	0.5035	3.8301	4.3373	3.511	3.846	3.917	3.514	3.268	3.042	2.792	2.592	2.575	3.21023273	1
	0.015700	8.1761	1.39999998	1.4000	0.5765	3.8396	4.3179	3.329	3.633	3.698	3.325	3.097	2.888	2.660	2.478	2.463	3.21705914	1
	0.015700	8.1761	1.45000005	1.4500	0.6457	3.8499	4.3053	3.156	3.430	3.487	3.147	2.938	2.747	2.542	2.380	2.367	3.22335362	1
	0.015700	8.1761	1.50000000	1.5000	0.7118	3.8617	4.3012	2.990	3.238	3.283	2.975	2.790	2.620	2.441	2.301	2.289	3.22917390	1
	0.015700	8.1761	1.54999995	1.5500	0.7760	3.8748	4.3037	2.830	3.057	3.083	2.811	2.651	2.505	2.353	2.238	2.227	3.23456979	1
	0.015700	8.1761	1.60000002	1.6000	0.8373	3.8879	4.3086	2.677	2.886	2.894	2.655	2.521	2.399	2.274	2.181	2.172	3.23958373	1
	0.015700	8.1761	1.64999998	1.6500	0.8962	3.9004	4.3131	2.530	2.725	2.717	2.509	2.399	2.302	2.200	2.128	2.119	3.24424219	1
	0.015700	8.1761	1.65587425	1.6559	0.9029	3.9018	4.3135	2.513	2.707	2.697	2.493	2.386	2.291	2.192	2.121	2.113	3.24476743	1
	0.015700	8.1761	1.70000005	1.7000	0.9526	3.9121	4.3161	2.388	2.574	2.551	2.375	2.287	2.210	2.130	2.074	2.067	3.24857616	1
	0.015700	8.1761	1.75000000	1.7500	1.0069	3.9230	4.3182	2.253	2.429	2.397	2.251	2.183	2.124	2.062	2.020	2.014	3.25261688	1
	0.015700	8.1761	1.79999995	1.8000	1.0591	3.9332	4.3189	2.122	2.291	2.255	2.136	2.086	2.042	1.997	1.966	1.961	3.25639176	1
	0.015700	8.1761	1.85000002	1.8500	1.1093	3.9427	4.3186	1.997	2.157	2.126	2.031	1.995	1.964	1.933	1.912	1.907	3.25992513	1
	0.015700	8.1761	1.89999998	1.9000	1.1579	3.9515	4.3168	1.875	2.028	2.008	1.934	1.908	1.888	1.869	1.856	1.853	3.26323819	1
	0.015700	8.1761	1.95000005	1.9500	1.2050	3.9598	4.3142	1.758	1.905	1.898	1.842	1.826	1.814	1.807	1.800	1.799	3.26635003	1
	0.015700	8.1761	1.96687043	1.9669	1.2206	3.9625	4.3130	1.719	1.865	1.864	1.812	1.799	1.790	1.787	1.781	1.780	3.26735759	1
	0.015700	8.1761	2.00000000	2.0000	1.2508	3.9676	4.3105	1.643	1.788	1.797	1.755	1.746	1.743	1.746	1.744	1.744	3.26927757	1
	0.015700	8.1761	2.04999995	2.0500	1.2956	3.9751	4.3065	1.531	1.675	1.700	1.673	1.670	1.673	1.685	1.688	1.689	3.27203131	1
	0.015700	8.1761	2.09999990	2.1000	1.3392	3.9822	4.3019	1.422	1.567	1.608	1.593	1.597	1.605	1.626	1.632	1.635	3.27462268	1
	0.015700	8.1761	2.12345958	2.1235	1.3593	3.9854	4.2995	1.372	1.517	1.567	1.557	1.563	1.574	1.598	1.606	1.610	3.27578640	1
	0.015700	8.1761	2.15000010	2.1500	1.3818	3.9890	4.2968	1.315	1.461	1.520	1.516	1.525	1.538	1.567	1.576	1.582	3.27706480	1
	0.015700	8.1761	2.15575647	2.1558	1.3867	3.9898	4.2962	1.303	1.449	1.510	1.508	1.516	1.531	1.560	1.570	1.575	3.27733707	1
	0.015700	8.1761	2.20000005	2.2000	1.4237	3.9957	4.2915	1.211	1.359	1.435	1.442	1.454	1.472	1.509	1.521	1.528	3.27936959	1
	0.015700	8.1761	2.25000000	2.2500	1.4645	4.0020	4.2857	1.109	1.259	1.353	1.370	1.385	1.407	1.451	1.465	1.475	3.28154731	1
	0.015700	8.1761	2.29999995	2.3000	1.5046	4.0082	4.2799	1.008	1.161	1.274	1.299	1.318	1.343	1.394	1.411	1.422	3.28360772	1
	0.015700	8.1761	2.40000010	2.4000	1.5826	4.0199	4.2673	0.813	0.972	1.120	1.161	1.185	1.217	1.280	1.301	1.316	3.28741050	1
	0.015700	8.1761	2.47550988	2.4755	1.6396	4.0284	4.2577	0.671	0.835	1.010	1.061	1.088	1.124	1.196	1.221	1.238	3.29003048	1
	0.015700	8.1761	2.59999990	2.6000	1.7313	4.0417	4.2404	0.442	0.615	0.834	0.899	0.930	0.972	1.059	1.087	1.108	3.29393530	1
	0.015700	8.1761	2.65341568	2.6534	1.7694	4.0470	4.2323	0.346	0.524	0.761	0.830	0.863	0.908	1.000	1.030	1.052	3.29546642	1
	0.015700	8.1761	2.79999995	2.8000	1.8723	4.0606	4.2071	0.089	0.279	0.562	0.643	0.680	0.729	0.835	0.869	0.895	3.29928207	1
	0.015700	8.1761	2.87434673	2.8743	1.9230	4.0670	4.1935	-0.037	0.160	0.464	0.550	0.588	0.640	0.752	0.788	0.815	3.30102611	1
	0.015700	8.1761	3.00000000	3.0000	2.0073	4.0772	4.1685	-0.248	-0.039	0.299	0.393	0.433	0.489	0.611	0.649	0.679	3.30372047	1
	0.015700	8.1761	3.11684799	3.1168	2.0838	4.0858	4.1432	-0.440	-0.219	0.148	0.248	0.289	0.349	0.479	0.519	0.551	3.30597568	1
	0.015700	8.1761	3.20000005	3.2000	2.1378	4.0915	4.1235	-0.574	-0.345	0.040	0.144	0.186	0.247	0.383	0.424	0.458	3.30745077	1
	0.015700	8.1761	3.23013091	3.2301	2.1570	4.0935	4.1162	-0.622	-0.390	0.001	0.107	0.149	0.211	0.348	0.390	0.424	3.30796003	1
	0.015700	8.1761	3.32844090	3.3284	2.2199	4.0992	4.0894	-0.780	-0.539	-0.129	-0.019	0.025	0.088	0.230	0.274	0.309	3.30953598	1
	0.015700	8.1761	3.40000010	3.4000	2.2656	4.1030	4.0678	-0.894	-0.648	-0.226	-0.113	-0.069	-0.004	0.141	0.186	0.221	3.31060600	1
	0.015700	8.1761	3.47867894	3.4787	2.3153	4.1066	4.0423	-1.018	-0.767	-0.333	-0.218	-0.173	-0.107	0.041	0.087	0.123	3.31171417	1
	0.015700	8.1761	3.55527425	3.5553	2.3637	4.1095	4.0154	-1.139	-0.884	-0.440	-0.322	-0.277	-0.210	-0.059	-0.013	0.024	3.31272936	1
	0.015700	8.1761	3.59999990	3.6000	2.3920	4.1110	3.9981	-1.210	-0.953	-0.504	-0.386	-0.339	-0.273	-0.121	-0.074	-0.037	3.31329536	1
	0.015700	8.1761	3.62721801	3.6272	2.4091	4.1117	3.9874	-1.253	-0.994	-0.543	-0.424	-0.378	-0.311	-0.158	-0.112	-0.074	3.31363058	1
	0.015700	8.1761	3.69287133	3.6929	2.4511	4.1129	3.9577	-1.358	-1.099	-0.643	-0.523	-0.477	-0.410	-0.255	-0.209	-0.171	3.31441164	1
	0.015700	8.1761	3.77241445	3.7724	2.5021	4.1133	3.9179	-1.485	-1.229	-0.769	-0.648	-0.602	-0.535	-0.380	-0.334	-0.296	3.31530881	1
	0.015700	8.1761	3.79999995	3.8000	2.5198	4.1133	3.9033	-1.530	-1.274	-0.814	-0.692	-0.646	-0.579	-0.425	-0.378	-0.340	3.31560802	1
	0.015700	8.1761	3.86639309	3.8664	2.5621	4.1125	3.8652	-1.635	-1.385	-0.925	-0.803	-0.757	-0.691	-0.537	-0.490	-0.452	3.31630492	1
	0.015700	8.1761	3.92434740	3.9243	2.6000	4.1104	3.8255	-1.730	-1.488	-1.031	-0.909	-0.864	-0.799	-0.646	-0.601	-0.563	3.31688714	1
	0.015700	8.1761	3.99562120	3.9956	2.6471	4.1062	3.7693	-1.848	-1.619	-1.171	-1.050	-1.007	-0.943	-0.794	-0.749	-0.712	3.31757188	1
	0.015700	8.1761	4.00000000	4.0000	2.6500	4.1059	3.7657	-1.855	-1.627	-1.180	-1.059	-1.016	-0.952	-0.803	-0.759	-0.722	3.31761289	1
	0.015700	8.1761	4.01561975	4.0156	2.6603	4.1049	3.7529	-1.881	-1.656	-1.211	-1.091	-1.048	-0.984	-0.836	-0.792	-0.755	3.31775808	1
	0.015700	8.1761	4.07338572	4.0734	2.6986	4.0995	3.6993	-1.976	-1.767	-1.335	-1.216	-1.175	-1.114	-0.970	-0.927	-0.891	3.31828117	1
	0.015700	8.1761	4.11815882	4.1182	2.7289	4.0934	3.6493	-2.052	-1.859	-1.442	-1.326	-1.286	-1.227	-1.088	-1.047	-1.012	3.31867266	1
	0.015700	8.1761	4.16037893	4.1604	2.7578	4.0864	3.5971	-2.124	-1.949	-1.550	-1.436	-1.398	-1.341	-1.208	-1.169	-1.135	3.31903076	1
	0.015700	8.1761	4.19876957	4.1988	2.7843	4.0791	3.5452	-2.191	-2.032	-1.652	-1.542	-1.506	-1.451	-1.325	-1.288	-1.256	3.31934762	1
	0.015700	8.1761	4.19999981	4.2000	2.7852	4.0788	3.5433	-2.193	-2.035	-1.656	-1.545	-1.509	-1.455	-1.329	-1.292	-1.260	3.31935763	1
	0.015700	8.1761	4.22359514	4.2236	2.8019	4.0735	3.5079	-2.235	-2.088	-1.724	-1.615	-1.580	-1.528	-1.407	-1.372	-1.340	3.31954813	1
	0.015700	8.1761	4.25682020	4.2568	2.8284	4.0669	3.4581	-2.301	-2.168	-1.822	-1.716	-1.683	-1.634	-1.519	-1.486	-1.455	3.31981158	1
	0.015700	8.1761	4.27459049	4.2746	2.8445	4.0649	3.4359	-2.341	-2.213	-1.872	-1.767	-1.734	-1.686	-1.573	-1.540	-1.510	3.31995010	1
	0.015700	8.1761	4.29154968	4.2915	2.8713	4.0743	3.4485	-2.408	-2.265	-1.895	-1.784	-1.750	-1.698	-1.576	-1.541	-1.509	3.32008076	1
	0.015700	8.1761	4.29646206	4.2965	2.8866	4.0838	3.4718	-2.447	-2.286	-1.887	-1.772	-1.736	-1.681	-1.549	-1.511	-1.478	3.32011819	1
	0.015700	8.1761	4.29862881	4.2986	2.9008	4.0937	3.4972	-2.482	-2.301	-1.874	-1.755	-1.716	-1.657	-1.518	-1.477	-1.441	3.32013488	1
	0.015700	8.1761	4.30000591	4.3000	2.9192	4.1055	3.5264	-2.528	-2.320	-1.861	-1.735	-1.694	-1.631	-1.482	-1.438	-1.400	3.32014537	1
	0.015700	8.1761	4.30061007	4.3006	2.9368	4.1151	3.5470	-2.572	-2.340	-1.856	-1.726	-1.683	-1.617	-1.459	-1.413	-1.374	3.32014990	1
	0.015700	8.1761	4.30100584	4.3010	2.9551	4.1237	3.5635	-2.618	-2.363	-1.857	-1.723	-1.677	-1.609	-1.444	-1.397	-1.356	3.32015300	1
	0.015700	8.1761	4.30119896	4.3012	2.9611	4.1272	3.5712	-2.633	-2.368	-1.855	-1.719	-1.672	-1.603	-1.435	-1.387	-1.346	3.32015443	2
	0.015700	8.1761	4.30138779	4.3014	2.9349	4.1208	3.5718	-2.567	-2.319	-1.822	-1.690	-1.644	-1.577	-1.415	-1.367	-1.328	3.32015586	2
	0.015700	8.1761	4.30151367	4.3015	2.9110	4.1117	3.5593	-2.508	-2.283	-1.809	-1.681	-1.638	-1.573	-1.418	-1.373	-1.335	3.32015681	2
	0.015700	8.1761	4.30165768	4.3017	2.8974	4.0999	3.5258	-2.473	-2.278	-1.835	-1.712	-1.672	-1.611	-1.466	-1.424	-1.388	3.32015777	2
	0.015700	8.1761	4.30180883	4.3018	2.9000	4.0882	3.4765	-2.480	-2.311	-1.899	-1.782	-1.745	-1.688	-1.553	-1.514	-1.479	3.32015896	2
	0.015700	8.1761	4.30197859	4.3020	2.9121	4.0765	3.4174	-2.510	-2.367	-1.987	-1.875	-1.841	-1.788	-1.664	-1.628	-1.596	3.32016039	2
	0.015700	8.1761	4.30216455	4.3022	2.9246	4.0646	3.3573	-2.542	-2.421	-2.075	-1.969	-1.937	-1.890	-1.776	-1.744	-1.714	3.32016158	2
	0.015700	8.1761	4.30236149	4.3024	2.9338	4.0526	3.3003	-2.564	-2.463	-2.153	-2.053	-2.024	-1.981	-1.880	-1.851	-1.823	3.32016325	2
	0.015700	8.1761	4.30256605	4.3026	2.9396	4.0406	3.2466	-2.579	-2.494	-2.221	-2.127	-2.102	-2.064	-1.975	-1.949	-1.924	3.32016468	2
	0.015700	8.1761	4.30277586	4.3028	2.9429	4.0286	3.1951	-2.587	-2.516	-2.282	-2.195	-2.172	-2.140	-2.063	-2.042	-2.020	3.32016635	2
	0.015700	8.1761	4.30298853	4.3030	2.9444	4.0165	3.1452	-2.591	-2.530	-2.337	-2.256	-2.237	-2.210	-2.147	-2.130	-2.111	3.32016802	2
	0.015700	8.1761	4.30320120	4.3032	2.9443	4.0043	3.0967	-2.591	-2.538	-2.385	-2.313	-2.297	-2.276	-2.228	-2.215	-2.199	3.32016969	2
	0.015700	8.1761	4.30341101	4.3034	2.9430	3.9921	3.0494	-2.587	-2.540	-2.428	-2.364	-2.353	-2.338	-2.305	-2.297	-2.284	3.32017112	2
	0.015700	8.1761	4.30361652	4.3036	2.9406	3.9799	3.0030	-2.581	-2.535	-2.465	-2.412	-2.405	-2.397	-2.379	-2.377	-2.368	3.32017279	2
	0.015700	8.1761	4.30381536	4.3038	2.9373	3.9677	2.9575	-2.573	-2.523	-2.494	-2.454	-2.453	-2.454	-2.452	-2.455	-2.450	3.32017422	2
	0.015700	8.1761	4.30400658	4.3040	2.9331	3.9555	2.9127	-2.563	-2.504	-2.515	-2.491	-2.498	-2.507	-2.523	-2.532	-2.531	3.32017565	2
	0.015700	8.1761	4.30418968	4.3042	2.9283	3.9432	2.8686	-2.551	-2.477	-2.528	-2.523	-2.539	-2.557	-2.591	-2.607	-2.609	3.32017708	2
	0.015700	8.1761	4.30436373	4.3044	2.9228	3.9310	2.8250	-2.537	-2.440	-2.530	-2.547	-2.574	-2.604	-2.657	-2.681	-2.687	3.32017851	2
	0.015700	8.1761	4.30452919	4.3045	2.9167	3.9187	2.7820	-2.522	-2.391	-2.517	-2.561	-2.602	-2.646	-2.719	-2.754	-2.763	3.32017970	2
	0.015700	8.1761	4.30468464	4.3047	2.9102	3.9065	2.7396	-2.505	-2.339	-2.492	-2.565	-2.624	-2.684	-2.779	-2.826	-2.838	3.32018089	2
	0.015700	8.1761	4.30483198	4.3048	2.9032	3.8942	2.6976	-2.488	-2.282	-2.457	-2.562	-2.640	-2.718	-2.836	-2.897	-2.912	3.32018209	2
	0.015700	8.1761	4.30497026	4.3050	2.8957	3.8820	2.6561	-2.469	-2.222	-2.408	-2.552	-2.651	-2.749	-2.891	-2.969	-2.986	3.32018304	2
	0.015700	8.1761	4.30510092	4.3051	2.8879	3.8697	2.6149	-2.450	-2.160	-2.347	-2.535	-2.660	-2.779	-2.944	-3.040	-3.060	3.32018399	2
	0.015700	8.1761	4.30522394	4.3052	2.8797	3.8574	2.5741	-2.429	-2.094	-2.275	-2.513	-2.664	-2.806	-2.996	-3.112	-3.134	3.32018495	2
	0.015700	8.1761	4.30533981	4.3053	2.8712	3.8452	2.5336	-2.408	-2.023	-2.198	-2.485	-2.663	-2.829	-3.044	-3.182	-3.207	3.32018590	2
	0.015700	8.1761	4.30544949	4.3054	2.8624	3.8330	2.4935	-2.386	-1.948	-2.119	-2.453	-2.658	-2.848	-3.091	-3.252	-3.278	3.32018661	2
	0.015700	8.1761	4.30555248	4.3056	2.8534	3.8208	2.4537	-2.364	-1.864	-2.034	-2.417	-2.649	-2.863	-3.133	-3.319	-3.348	3.32018733	2
	0.015700	8.1761	4.30565023	4.3057	2.8441	3.8085	2.4140	-2.340	-1.771	-1.943	-2.377	-2.636	-2.875	-3.173	-3.386	-3.417	3.32018828	2
	0.015700	8.1761	4.30574274	4.3057	2.8345	3.7963	2.3747	-2.316	-1.658	-1.841	-2.333	-2.621	-2.884	-3.213	-3.451	-3.486	3.32018900	2
	0.015700	8.1761	4.30583048	4.3058	2.8247	3.7841	2.3358	-2.292	-1.517	-1.720	-2.285	-2.607	-2.896	-3.255	-3.518	-3.558	3.32018948	2
	0.015700	8.1761	4.30591440	4.3059	2.8146	3.7720	2.2975	-2.266	-1.368	-1.598	-2.231	-2.587	-2.902	-3.294	-3.585	-3.630	3.32019019	2
	0.015700	8.1761	4.30599689	4.3060	2.8039	3.7600	2.2602	-2.240	-1.219	-1.484	-2.174	-2.558	-2.897	-3.322	-3.644	-3.692	3.32019091	2
	0.015700	8.1761	4.30608320	4.3061	2.7917	3.7478	2.2236	-2.209	-1.051	-1.364	-2.112	-2.521	-2.883	-3.343	-3.696	-3.747	3.32019138	2
	0.015700	8.1761	4.30617762	4.3062	2.7771	3.7358	2.1901	-2.173	-0.859	-1.234	-2.038	-2.476	-2.860	-3.356	-3.742	-3.795	3.32019210	2
	0.015700	8.1761	4.30629444	4.3063	2.7574	3.7238	2.1618	-2.123	-0.634	-1.083	-1.948	-2.414	-2.820	-3.355	-3.774	-3.830	3.32019305	2
	0.015700	8.1761	4.30641270	4.3064	2.7356	3.7147	2.1475	-2.069	-0.437	-0.949	-1.858	-2.348	-2.770	-3.334	-3.779	-3.838	3.32019401	2
	0.015700	8.1761	4.30655193	4.3066	2.7087	3.7057	2.1382	-2.002	-0.217	-0.800	-1.753	-2.265	-2.705	-3.300	-3.770	-3.833	3.32019496	2
	0.015700	8.1761	4.30670500	4.3067	2.6820	3.6967	2.1289	-1.935	0.013	-0.649	-1.645	-2.180	-2.638	-3.264	-3.761	-3.828	3.32019615	2
	0.015700	8.1761	4.30692577	4.3069	2.6621	3.6845	2.0999	-1.885	0.306	-0.475	-1.533	-2.102	-2.584	-3.255	-3.788	-3.861	3.32019782	3
	0.015700	8.1761	4.30709362	4.3071	2.6813	3.6755	2.0450	-1.933	0.459	-0.424	-1.530	-2.125	-2.627	-3.332	-3.890	-3.968	3.32019925	3
	0.015700	8.1761	4.30722809	4.3072	2.7136	3.6685	1.9847	-2.014	0.550	-0.420	-1.567	-2.184	-2.702	-3.434	-4.013	-4.096	3.32020020	3
	0.015700	8.1761	4.30735350	4.3074	2.7539	3.6624	1.9199	-2.115	0.620	-0.440	-1.625	-2.265	-2.798	-3.553	-4.149	-4.237	3.32020116	3
	0.015700	8.1761	4.30747557	4.3075	2.7934	3.6574	1.8605	-2.214	0.668	-0.469	-1.688	-2.346	-2.892	-3.667	-4.277	-4.369	3.32020211	3
	0.015700	8.1761	4.30761623	4.3076	2.8305	3.6531	1.8063	-2.306	0.706	-0.499	-1.748	-2.422	-2.980	-3.772	-4.395	-4.490	3.32020307	3
	0.015700	8.1761	4.30783892	4.3078	2.8740	3.6482	1.7432	-2.415	0.750	-0.535	-1.818	-2.511	-3.083	-3.894	-4.531	-4.630	3.32020473	3
	0.015700	8.1761	4.30810547	4.3081	2.9100	3.6444	1.6917	-2.505	0.784	-0.565	-1.875	-2.584	-3.167	-3.995	-4.643	-4.745	3.32020688	3
	0.015700	8.1761	4.30850649	4.3085	2.9560	3.6396	1.6268	-2.620	0.823	-0.606	-1.950	-2.678	-3.276	-4.122	-4.784	-4.890	3.32020974	3
	0.015700	8.1761	4.30890751	4.3089	3.0007	3.6352	1.5644	-2.732	0.856	-0.646	-2.022	-2.768	-3.380	-4.245	-4.919	-5.030	3.32021284	3
	0.015700	8.1761	4.30925798	4.3093	3.0395	3.6317	1.5116	-2.829	0.876	-0.686	-2.087	-2.848	-3.471	-4.350	-5.034	-5.148	3.32021546	3
	0.015700	8.1761	4.30960846	4.3096	3.0782	3.6283	1.4594	-2.925	0.885	-0.730	-2.151	-2.926	-3.561	-4.454	-5.148	-5.266	3.32021809	3
	0.015700	8.1761	4.30995893	4.3100	3.1168	3.6250	1.4076	-3.022	0.891	-0.774	-2.215	-3.003	-3.651	-4.558	-5.262	-5.383	3.32022095	3
	0.015700	8.1761	4.31030941	4.3103	3.1555	3.6218	1.3562	-3.119	0.894	-0.820	-2.280	-3.081	-3.741	-4.661	-5.374	-5.500	3.32022357	3
	0.015700	8.1761	4.31065941	4.3107	3.1945	3.6187	1.3048	-3.216	0.894	-0.868	-2.346	-3.159	-3.831	-4.765	-5.487	-5.616	3.32022619	3
	0.015700	8.1761	4.31105995	4.3111	3.2382	3.6151	1.2469	-3.325	0.897	-0.919	-2.417	-3.243	-3.932	-4.882	-5.614	-5.747	3.32022929	3
	0.015700	8.1761	4.31185389	4.3119	3.2776	3.6118	1.1945	-3.424	0.901	-0.964	-2.481	-3.319	-4.023	-4.987	-5.728	-5.866	3.32023525	3
	0.015700	8.1761	4.31240177	4.3124	3.2909	3.6108	1.1769	-3.457	0.901	-0.980	-2.502	-3.345	-4.054	-5.022	-5.767	-5.906	3.32023931	4
	0.015700	8.1761	4.31775093	4.3178	3.2515	3.6146	1.2323	-3.359	0.880	-0.944	-2.445	-3.273	-3.965	-4.916	-5.650	-5.784	3.32027960	4
	0.015700	8.1761	4.32132626	4.3213	3.2112	3.6184	1.2881	-3.258	0.864	-0.905	-2.385	-3.199	-3.872	-4.808	-5.530	-5.660	3.32030654	4
	0.015700	8.1761	4.32391453	4.3239	3.1718	3.6220	1.3421	-3.160	0.851	-0.863	-2.324	-3.123	-3.782	-4.702	-5.414	-5.539	3.32032609	4
	0.015700	8.1761	4.32638788	4.3264	3.1257	3.6262	1.4052	-3.044	0.836	-0.814	-2.250	-3.033	-3.676	-4.578	-5.277	-5.398	3.32034445	4
	0.015700	8.1761	4.32890224	4.3289	3.0750	3.6309	1.4750	-2.918	0.819	-0.760	-2.169	-2.933	-3.559	-4.441	-5.127	-5.242	3.32036328	4
	0.015700	8.1761	4.33107042	4.3311	3.0320	3.6349	1.5342	-2.810	0.800	-0.715	-2.097	-2.846	-3.458	-4.324	-4.998	-5.109	3.32037950	4
	0.015700	8.1761	4.33307648	4.3331	2.9952	3.6384	1.5852	-2.718	0.776	-0.681	-2.037	-2.771	-3.372	-4.224	-4.888	-4.995	3.32039452	4
	0.015700	8.1761	4.33533525	4.3353	2.9581	3.6420	1.6370	-2.625	0.750	-0.646	-1.976	-2.695	-3.285	-4.122	-4.775	-4.880	3.32041121	4
	0.015700	8.1761	4.33795643	4.3380	2.9214	3.6458	1.6892	-2.534	0.719	-0.613	-1.916	-2.620	-3.198	-4.020	-4.663	-4.764	3.32043076	4
	0.015700	8.1761	4.34178638	4.3418	2.8815	3.6504	1.7479	-2.434	0.672	-0.584	-1.855	-2.540	-3.105	-3.908	-4.537	-4.634	3.32045913	4
	0.015700	8.1761	4.34685898	4.3469	2.8473	3.6553	1.8022	-2.348	0.611	-0.568	-1.807	-2.473	-3.025	-3.808	-4.424	-4.517	3.32049680	4
	0.015700	8.1761	4.35783052	4.3578	2.8192	3.6638	1.8654	-2.278	0.448	-0.611	-1.799	-2.434	-2.964	-3.714	-4.304	-4.391	3.32057762	5
	0.015700	8.1761	4.36783981	4.3678	2.8467	3.6725	1.8736	-2.347	0.176	-0.780	-1.925	-2.533	-3.042	-3.759	-4.321	-4.402	3.32065082	5
	0.015700	8.1761	4.37271833	4.3727	2.8754	3.6785	1.8693	-2.418	-0.025	-0.916	-2.033	-2.623	-3.119	-3.813	-4.357	-4.435	3.32068634	5
	0.015700	8.1761	4.38524437	4.3852	2.9177	3.6866	1.8608	-2.524	-0.297	-1.106	-2.185	-2.752	-3.231	-3.894	-4.413	-4.486	3.32077694	5
	0.015700	8.1761	4.40000010	4.4000	2.9392	3.6874	1.8439	-2.578	-0.360	-1.165	-2.243	-2.808	-3.285	-3.945	-4.462	-4.535	3.32088280	5
	0.015700	8.1761	4.41684532	4.4168	2.9634	3.6886	1.8262	-2.638	-0.438	-1.235	-2.310	-2.872	-3.347	-4.003	-4.515	-4.587	3.32100248	5
	0.015700	8.1761	4.43305111	4.4331	2.9875	3.6900	1.8092	-2.699	-0.520	-1.307	-2.378	-2.937	-3.409	-4.059	-4.567	-4.638	3.32111621	6
	0.015700	8.1761	4.46206617	4.4621	3.0044	3.6828	1.7665	-2.741	-0.396	-1.268	-2.381	-2.960	-3.448	-4.125	-4.653	-4.728	3.32131720	6
	0.015700	8.1761	4.47706175	4.4771	3.0002	3.6749	1.7402	-2.730	-0.201	-1.168	-2.323	-2.927	-3.431	-4.139	-4.691	-4.771	3.32141972	6
	0.015700	8.1761	4.48695898	4.4870	2.9899	3.6675	1.7219	-2.705	0.000	-1.056	-2.250	-2.877	-3.399	-4.135	-4.709	-4.794	3.32148671	6
	0.015700	8.1761	4.49984264	4.4998	2.9832	3.6564	1.6855	-2.688	0.300	-0.901	-2.155	-2.819	-3.369	-4.149	-4.756	-4.850	3.32157350	6
	0.015700	8.1761	4.50593424	4.5059	3.0052	3.6479	1.6300	-2.743	0.484	-0.840	-2.143	-2.840	-3.412	-4.226	-4.860	-4.960	3.32161403	6
	0.015700	8.1761	4.50754929	4.5075	3.0347	3.6425	1.5794	-2.817	0.571	-0.835	-2.173	-2.890	-3.478	-4.314	-4.963	-5.068	3.32162499	6
	0.015700	8.1761	4.50768995	4.5077	3.0404	3.6417	1.5702	-2.831	0.584	-0.836	-2.180	-2.900	-3.491	-4.330	-4.982	-5.088	3.32162595	7
	0.015700	8.1761	4.50794697	4.5079	3.0698	3.6381	1.5266	-2.905	0.623	-0.854	-2.222	-2.957	-3.559	-4.413	-5.075	-5.184	3.32162762	7
	0.015700	8.1761	4.50810003	4.5081	3.0928	3.6356	1.4936	-2.962	0.646	-0.872	-2.257	-3.002	-3.612	-4.476	-5.146	-5.257	3.32162857	7
	0.015700	8.1761	4.50823832	4.5082	3.1096	3.6339	1.4699	-3.004	0.655	-0.888	-2.283	-3.035	-3.651	-4.522	-5.197	-5.309	3.32162952	7
	0.015700	8.1761	4.50854445	4.5085	3.1230	3.6324	1.4507	-3.037	0.666	-0.900	-2.303	-3.061	-3.681	-4.558	-5.238	-5.352	3.32163143	7
	0.015700	8.1761	4.50930643	4.5093	3.1300	3.6315	1.4399	-3.055	0.676	-0.903	-2.312	-3.074	-3.697	-4.578	-5.260	-5.376	3.32163668	7
	0.015700	8.1761	4.50967312	4.5097	3.1530	3.6290	1.4072	-3.113	0.692	-0.924	-2.347	-3.118	-3.750	-4.641	-5.330	-5.448	3.32163906	7
	0.015700	8.1761	4.51004028	4.5100	3.1910	3.6252	1.3541	-3.208	0.712	-0.960	-2.404	-3.191	-3.837	-4.744	-5.445	-5.567	3.32164145	7
	0.015700	8.1761	4.51049900	4.5105	3.2321	3.6213	1.2974	-3.310	0.730	-1.002	-2.469	-3.271	-3.931	-4.855	-5.567	-5.694	3.32164454	7
	0.015700	8.1761	4.51107931	4.5111	3.2733	3.6175	1.2410	-3.413	0.746	-1.043	-2.531	-3.348	-4.026	-4.965	-5.689	-5.820	3.32164836	7
	0.015700	8.1761	4.51179075	4.5118	3.3144	3.6137	1.1847	-3.516	0.762	-1.083	-2.593	-3.424	-4.119	-5.075	-5.810	-5.946	3.32165313	7
	0.015700	8.1761	4.51260185	4.5126	3.3557	3.6099	1.1285	-3.619	0.776	-1.125	-2.656	-3.502	-4.214	-5.186	-5.932	-6.072	3.32165861	7
	0.015700	8.1761	4.51342726	4.5134	3.3967	3.6062	1.0724	-3.722	0.787	-1.165	-2.715	-3.573	-4.307	-5.295	-6.052	-6.198	3.32166409	7
	0.015700	8.1761	4.51420355	4.5142	3.4374	3.6024	1.0168	-3.824	0.800	-1.203	-2.773	-3.645	-4.399	-5.404	-6.172	-6.323	3.32166910	7
	0.015700	8.1761	4.51490736	4.5149	3.4780	3.5987	0.9614	-3.925	0.834	-1.230	-2.828	-3.713	-4.491	-5.514	-6.288	-6.446	3.32167387	7
	0.015700	8.1761	4.51554108	4.5155	3.5185	3.5950	0.9060	-4.026	0.873	-1.251	-2.878	-3.778	-4.584	-5.624	-6.404	-6.569	3.32167816	7
	0.015700	8.1761	4.51610947	4.5161	3.5590	3.5912	0.8506	-4.127	0.916	-1.271	-2.929	-3.845	-4.675	-5.734	-6.519	-6.692	3.32168174	7
	0.015700	8.1761	4.51662731	4.5166	3.5995	3.5874	0.7947	-4.229	0.960	-1.288	-2.975	-3.906	-4.766	-5.844	-6.634	-6.815	3.32168531	7
	0.015700	8.1761	4.51710606	4.5171	3.6400	3.5835	0.7388	-4.330	1.007	-1.304	-3.019	-3.965	-4.857	-5.954	-6.748	-6.937	3.32168841	7
	0.015700	8.1761	4.51755142	4.5176	3.6804	3.5795	0.6827	-4.431	1.057	-1.317	-3.064	-4.025	-4.947	-6.063	-6.862	-7.060	3.32169151	7
	0.015700	8.1761	4.51796579	4.5180	3.7207	3.5756	0.6267	-4.532	1.102	-1.326	-3.096	-4.072	-5.036	-6.172	-6.975	-7.182	3.32169414	7
	0.015700	8.1761	4.51835299	4.5184	3.7609	3.5715	0.5703	-4.632	1.153	-1.334	-3.130	-4.120	-5.125	-6.281	-7.089	-7.304	3.32169676	7
	0.015700	8.1761	4.51871538	4.5187	3.8010	3.5674	0.5137	-4.733	1.208	-1.337	-3.154	-4.156	-5.214	-6.390	-7.202	-7.427	3.32169914	7
	0.015700	8.1761	4.51905441	4.5191	3.8407	3.5633	0.4574	-4.832	1.234	-1.347	-3.167	-4.176	-5.300	-6.498	-7.316	-7.549	3.32170129	7
	0.015700	8.1761	4.51937771	4.5194	3.8798	3.5592	0.4019	-4.930	1.250	-1.358	-3.176	-4.193	-5.384	-6.605	-7.428	-7.670	3.32170343	7
	0.015700	8.1761	4.51969385	4.5197	3.9186	3.5551	0.3471	-5.027	1.263	-1.359	-3.167	-4.197	-5.464	-6.710	-7.540	-7.789	3.32170558	7
	0.015700	8.1761	4.52000332	4.5200	3.9582	3.5514	0.2926	-5.125	1.269	-1.372	-3.173	-4.211	-5.547	-6.817	-7.651	-7.907	3.32170773	7
	0.015700	8.1761	4.52014971	4.5201	3.9788	3.5494	0.2639	-5.177	1.273	-1.373	-3.170	-4.215	-5.589	-6.873	-7.710	-7.970	3.32170868	7
	0.015700	8.1761	4.52194309	4.5219	4.2255	3.5214	-0.0946	-5.794	1.285	-0.927	-2.496	-3.857	-5.847	-7.560	-8.458	-8.755	3.32172036	8
